-0.9410284252844135
2.225557080176828
-0.5800542119533799
0.4648517492208346
-0.10775897581618321
-0.3947480639068357
-2.2665867678834593
-1.2054072784802596
-3.07529058404126
3.635386864565821
1.8367356315900873
1.447233534029021
-2.736714151111752
3.1499736709521637
-0.4382064733463169
-1.380345883715249
-1.6623362981886411
0.16927676320678697
-0.2575283320815119
-0.8266597991231881
-3.134401625492697
2.4192928432088854
-3.463228538488079
-0.25834399210538084
-0.7287900105674125
3.075854653842333
0.893282485240555
-0.4872675289030479
-1.6612487597366783
-2.2345291432862693
0.5043181935991762
-0.49046988628013
1.0653308108355666
-0.009795925742855871
-2.043409049169772
2.498898116794778
-1.0362040012617113
3.4568294234825427
-1.945016996054529
0.91745379493877
-1.8901765548444147
0.781427861640067
-1.5366244072857065
2.1127022698117592
-3.3731549345797838
3.8110215341867533
1.0384481204744929
-0.5181322025095856
-1.1647964800212305
-0.6139514004672452
-0.4956963000363972
-1.4598787581016501
0.6098847945079695
1.4248409415304326
-1.8700376867019695
5.060968742247811
-1.930700710291822
0.5714443126106887
-1.6993919277474518
2.7547374607526267
1.0
1.0
1.0
1.0
-0.09402403051989455
-2.831735403735738
3.478711427009724
2.943478720758422
-3.393789929277697
-3.032083718872545
0.22316460628483925
2.0364550618457904