-0.9941847228996894
1.8790467669482536
-0.3540445121408188
0.026513648116337857
-0.7632520215016112
0.8923160220913171
-2.6676230727848416
0.6462505915669454
-2.1098119344140813
2.948334082854253
1.9833746776943515
1.5393951256162652
-3.470674240047991
1.4574426291061875
0.4621835579785217
-1.1607327504024905
-2.22482601869169
0.21082081899496752
-0.5137116590785874
-0.4365430826215404
-1.8514281402988557
2.5016886022467464
-0.5098343665903164
0.7371279720700926
-0.9038750776920079
2.0708778569794832
0.8196057504759515
-0.8100514316757317
-2.3741386006327216
-2.2482062850364715
0.5507472572781031
-0.5522924518119976
0.553652722229173
-0.3965787247558091
-3.0093739358570604
3.04678654091337
-2.1627077004659583
2.0477183551975298
-1.1338724436124663
2.7230766069180348
-2.0101575089856456
-0.11975516709612762
-1.0480118108638494
2.5436464004436696
-1.8748812905816048
2.6909309162263537
0.5186837930648034
-0.5522586044242284
-0.5221913383450776
-0.28833616862350864
-2.222084108315378
-1.9671655043445
0.3322735324488249
0.7868754478671486
-1.107512100028429
3.912370361640535
-3.1461155834260888
0.5428245775973316
-1.6227854304579017
2.5050450352076776
1.0
1.0
1.0
1.0
-0.26183956854903595
-1.837688813613478
3.336457834429063
1.9824614938803578
-4.226413624721311
-3.5942000778168604
-1.5690693725079756
1.6056302627755197