-1.9788984706554136
1.0589652202655215
-1.9761360588475625
-1.1415492439611143
-0.3042547019144567
-0.3490235046398251
-0.11325838485855311
0.044038493208881035
-0.9981282297312968
2.432972760270851
2.5261615540841365
1.9774248853509127
-3.020479511977231
2.9154534996441708
0.04519631838076876
-1.136650488907482
-1.2986152394934085
-0.6594393049744933
-0.13421819659481243
0.45108613017110577
-3.0169594733641976
0.707662189147255
-1.811017618170857
-0.29226135630871164
-1.5638970493637916
0.9837671243544348
1.4186804085994007
-0.5324367635681888
-1.0666676357045888
-0.40571239050568836
-0.8173372320789511
-1.7561996916361284
-0.8638039588216144
-0.013318824233125748
-2.3748555169328043
1.5666323002927836
-2.969298041638995
2.0743495533086587
-1.5455533058781938
0.800079859403764
-1.24134837092875
0.29419975603556864
-0.5042108864373157
1.2041748082067485
-1.7532167050262217
3.374097166906193
0.4205358997557907
-1.8447428294296393
-1.9612482067233077
-2.1157248129878385
-1.7776170568410596
-1.3012574115846776
0.026856005002468375
0.12842277432963178
-0.20869115685312034
3.042782513300119
-0.8896301144931598
-0.4241358302854849
-0.5355881048224476
1.9894720809080688
1.0
1.0
1.0
1.0
0.0954263462601494
-2.8928291996935185
3.668699940698869
1.198638421145029
-3.62528245161611
-2.9215010752823134
-0.7796854263209559
1.2205142774018773