-1.05430915872214
1.937031954631977
-1.8316578751719241
0.5914006567137725
0.4272971321222413
2.0822314194545397
-0.13884932788615156
1.7557162226545917
-1.4980685653223458
1.3793484887670961
1.4892871283027773
2.6157657296200885
-2.6011037709939977
4.174174750080593
-0.4501571818018061
-0.7486776028199329
-1.4127028258019447
0.9371959091314999
-0.9636789987670167
0.9266634485869941
-1.3834273604739438
1.7008156425409227
-2.3695249848570765
0.0703206516741684
-0.6264359472476646
2.226055471289923
1.206608529911052
0.8157351783616664
-1.0351568657183325
-0.059570342260735654
-0.22534926880407244
-2.0369815763273786
-0.4063867273500993
-0.4701874666088802
-1.1596732918483579
2.4005613233610603
-2.698172837787021
2.512130324967742
-1.1038747898022878
1.0004643635918395
-1.6229339881129823
-0.788877981439701
-1.0029493986594706
0.27135777633650027
-2.794980116922572
3.182286860342803
1.581389016176609
0.01976934428381638
-1.8277108726312576
-1.2561426539044422
-1.352669476687788
-0.13292635479004222
-0.2988802325930182
0.07778477294263064
-1.4031302054327641
3.5367723516091703
-1.1288046090878674
0.41530777279270553
-1.9382805549013655
1.7224126982614578
1.0
1.0
1.0
1.0
-0.890022097389243
-3.401662371384341
3.0047371454130083
1.2552880912989273
-3.2897094045138537
-4.871481555960068
-0.8484178279091827
0.3025873286790488