-1.7525534797956186
1.3822058775372308
-2.468271308858581
-0.21671594501496155
-0.6381128660227825
0.465449490232657
-2.0536772948806523
-0.44571189952084217
-2.368266141649836
3.1810471438689936
1.046095041544798
2.7696637474468684
-3.826082065053206
1.3308616692317847
-1.2633582266248724
-1.5054526071762784
-2.061169315101821
0.04590751233450441
-0.45070095731379933
1.7135794063622267
-1.8821402725376413
3.465380512015691
-2.4335682394617013
-0.20057376707822022
-2.1835934598116578
2.05149087561332
-0.6328767150997981
-0.044284595692196616
-0.5689313260312756
-1.745951480226823
-0.9016798897845998
-1.8819287435207404
-0.35308170566364416
-0.4845958448536696
-2.3713764339980257
2.8307328031557244
-2.3832857852690923
1.8757813001412456
-1.1095083605449145
1.4900448840177816
-1.2095035089946504
0.42688141500792687
-2.6013428744652654
1.2516202359310882
-2.2884931267551427
3.1481303944038985
0.169553083902668
-0.6312034236476708
-0.7061176080051896
-1.6914366406342904
-1.2006901202987472
0.23144251322875975
-0.14023242461056296
1.208147992827128
-1.4320893026979125
2.7577904358646044
-1.3749594140450283
0.022761228122188185
-2.135649984772985
2.1775007900319405
1.0
1.0
1.0
1.0
-1.6362585815208137
-3.101810663263687
3.602108305328486
1.7921709226488578
-4.19360951949547
-2.496395781781108
-1.2250161252381035
1.0608115011130066