-1.3355966866234597
1.0751500134626069
-1.3708494857610474
-0.7424141949473664
-0.6949129634890785
1.5394546399231874
-0.691934567638806
0.04517017440706922
-1.1228292846795294
2.6833447322663058
2.1875525503032134
2.416813438018696
-2.3310580111248527
2.9522849633064183
0.1589237591212576
-0.5154836290129374
-0.804356454952274
0.46201346170206037
-1.8424213640270084
0.9829082398623648
-2.614503067792274
2.6569969132883777
-2.515239056571025
0.23998429833838475
-1.2432526046712218
2.8553467146549876
0.784827957841859
0.2752394427472583
0.6650720128792346
-0.20211377303664946
0.4238155656346818
-1.9066920140399062
-0.20543554358168448
-0.458796124355874
-1.86762012184163
2.7186516721992366
-2.725894774349687
2.7797757319343854
-1.6561977436160407
1.557045148336478
-0.6001963727399265
-0.7646202479053543
-1.554420535680154
1.501200302189348
-1.0837015471451559
4.04162818216773
0.23583975095934406
0.6507410369562724
-2.548814388382542
-1.1977469163520535
-1.1975386473172105
0.4535460651562435
-0.3697460832831333
1.6575863805137212
-1.2355932494796662
3.838954115995011
-1.7576626985943307
-0.08194430174248629
-0.019660971017295026
1.0385151904072745
1.0
1.0
1.0
1.0
-0.3636099849690334
-2.665510447612723
2.2942675869927722
1.7762189893757334
-3.841341317711155
-5.007657651805342
-1.4789275591554212
0.790263618043961