-1.051351864226197
2.2315669493936183
-1.742552690524514
-0.7512473994800344
-1.396193981807023
0.1055034214953875
-0.8049033212498706
0.35405825831848375
-0.7669832139702643
2.6812653650108853
1.6943924494686105
1.4295098331615756
-2.443732713594128
2.217027094174578
0.509500200390754
-0.06821693184024213
-0.8827240313600643
0.8472264651376286
-0.02258935496362291
0.685969752097956
-1.5952689865728948
2.0812452514336863
-1.1488176546503799
-0.018261723232748023
-1.6535488960466438
2.312521198778252
0.6277410431051282
-0.21165221057331954
-1.3377938702544903
-1.6601495020461567
0.8859033731956661
-1.2042849085640235
-0.262184871641354
-1.100296036420845
-1.8669283309343223
3.512117350143205
-2.5471287038391153
2.516261435026383
-0.773278064765317
0.5780500998907464
-2.3314767148056084
0.16827643856926283
-2.0015045363363995
1.5623097142452795
-3.0254698184840225
2.4484079969486583
1.4465424422427189
-0.21838369381938488
-1.0884578208560098
-1.7311464868363753
-2.6163164245546406
-0.6480918906790105
0.35453199852235356
1.1609870698261424
-0.7679083144205727
3.303818930095983
-1.1014250613204464
-0.2966415187159759
-0.7064984159961158
1.6203315337551247
1.0
1.0
1.0
1.0
-1.136104625359398
-2.8566566651782845
2.2915231384262356
1.5583094424300994
-2.356893075331598
-2.063849630240699
0.8313167697788718
0.6020709434250101