-0.9785316822357838
1.6355463007476376
0.3316875518102322
0.9017147901329097
-0.2903923910448779
-1.2736175033664254
0.054616414664708346
1.6594407033953174
-2.1595326662203465
-1.158107048157481
-5.010673920600257
0.6375165412745849
-2.013851608646986
2.0034565256819272
-2.2567833013544485
-1.6173610924129413
-1.6086234244427204
0.9186577717710072
0.7542020801373808
1.389852809317843
0.20396362113129884
0.40500831019939376
-4.126953398357866
1.5057236273251438
-3.785868935876934
2.860619786274446
-2.9760022724681665
-0.36956875899299513
-0.4465348506927965
3.8706132443875925
-1.6055477351298357
1.7129237103194337
-1.7167371995719485
0.15196778424819657
0.626707625464177
5.904586262808442
-1.0520780098637288
-1.4948079984060532
1.091556762741707
4.657670298221456
-1.5481634266397912
-2.5439265965648947
0.6592003142260594
2.3371560929257575
-2.9914234333692447
4.287397033751574
0.16650297932614233
-1.300087232255901
2.2576770557268713
1.289801738920923
-2.983109263341692
-1.7593624781483375
-3.50261779825251
0.7204923919161392
1.0557608928685207
-3.8271214780057425
-0.4894226373961251
4.043385313986
-3.714831344488361
1.3477025347218414
1.0
1.0
1.0
1.0
5.2963874664950525
-2.664655451239625
-1.9282993534808022
-0.04978492586247152
3.4342190737095533
3.1846288675602064
-2.693270545377456
-2.7572562159119887