-0.3455994119009965
0.838260258999596
-0.47971360603827196
1.321604135587124
-1.0261762721485264
0.2713592189409332
-0.4723398528650883
3.1876650729802694
-0.7205043721692475
3.102132955350048
-1.118631132275008
1.1479234591837724
0.13369456203510266
-0.5593086986226147
1.4942550564174026
1.0357545400750996
-2.1490168565106402
-0.4089695601048907
-1.624097280648755
2.4743977829261095
-2.2166529416037073
1.3982322094177226
-1.0052168175080602
-1.7314821999621557
-3.6385834957881187
1.0837899290174862
-1.6108801762067704
-2.40191327593708
0.4324098742555974
-3.1758118182692954
-0.424528248685241
-2.5457226067821996
-2.978655815336592
-0.6201842425227646
-3.0358366084432413
-0.23707040683349342
-1.704041486413855
2.8290925441905728
-2.119601048562261
1.3477293832455912
-2.243539071271322
3.7196824321556394
-3.73075181694942
0.9037012521918708
-0.258974528667718
2.0359626153615076
-0.2246706090272036
1.5307463481797479
-0.380844447385989
-2.7690584309843
0.02049656798380567
0.17760488274267294
0.8225046598944608
0.37360501687636916
0.7757954088573938
4.107562363350672
-0.6740315801456118
-1.603847997477739
0.06816198924024414
2.7018522742251574
1.0
1.0
1.0
1.0
-0.8509284165025744
-0.08620826355757583
3.603134146642084
4.072528776746428
-0.9631063768164949
-1.9422540508112272
3.513663929739961
2.4195658607237256