-3.3240712035880886
0.00786573331083426
-7.707595742795416
-1.1841292729064397
-1.1174666594209333
2.5688620064326395
2.0334257248648533
4.866312720797428
-0.508729410063911
2.560955333722639
-2.5810162165457156
1.2425791888261422
0.6156950187530164
2.4101674481251587
0.9296643349373839
2.0745956544491984
-3.8852011245051163
2.6093849187434
1.9501250629884423
2.378704817787347
-3.441642364890742
-1.5412699100648313
-3.118124296091245
-0.6026144258884955
-7.1939823515291526
-1.9406078779829739
-2.7532378505008075
4.6000168755939415
1.4371710336536612
6.0226355431685885
0.25806481794945835
-2.8795781762606456
-3.9566913802935524
0.5034953633633246
-4.0066131594075935
-1.5517595654465812
-3.480947728905388
5.110383365646351
0.19866999304268662
6.11697767493344
-0.2920401620460118
-2.3196431288862316
-2.6810536368376425
1.6410757534272045
-3.1020455266444524
0.20916285724979566
-1.1752103281769153
-2.9310208861492946
0.3359054573943612
-4.286963909968098
1.8712863292652901
5.3645124460745786
-1.3779584477798417
-0.1536081799058162
-3.476074023700019
1.881352719565165
1.304127595441543
4.094083447137561
-1.1153412388699848
5.128909506507414
1.0
1.0
1.0
1.0
1.03700531952405
7.512641535319649
-3.2679636331911466
-6.634859785474156
2.5401254311475707
2.802880405666113
-3.740553014282329
-6.206796090418893