-1.7046169851539692
2.235167949555555
-1.6534527543436484
0.7784876899185227
-0.379935629335385
1.4779806754541398
-1.1712835759601223
-0.5068589542753505
-2.3650384234066304
1.783155832701285
3.3163193428271374
2.7815122988564376
-3.8128198701738585
2.245930091423308
-1.588963343847092
-2.574950365706547
-1.6931979645824546
0.7693739915592902
-1.1477394013442577
0.9409076873958189
-2.7280044659814244
3.5410416442527937
-2.3701723830777905
-0.26454634285026435
-1.7399678182197862
3.1040259741993146
2.142403989639737
-0.8513749079991305
-0.3339474666878731
-1.5484604322159252
-0.6256787222116236
-1.6765472053573063
0.7864256344617324
-0.5337182381379957
-1.5652047320804385
1.6294440789896223
-1.755042483948876
2.4197288736072444
-0.8755250434846957
1.8502483625509263
-1.3648580450153103
0.6148218317285807
-1.3725239534789548
1.1145586526689675
-0.8397373659971268
2.6727866803167517
0.6747436942593456
0.3104973614709381
-0.4230072309645734
-1.814707692925159
-1.354598673332955
-0.3137199884806753
0.8742851326671761
1.0051689983772845
-1.440331502565193
4.236033951139712
-1.2828633436908612
-0.5543748312729382
-0.35071755096395363
2.0862657500542015
1.0
1.0
1.0
1.0
-0.25013606884922385
-2.6529667472721217
2.572020366960462
3.542038297155284
-3.584667893184425
-3.2338225682921147
-0.3134599757144535
2.0137341900089476