-0.11267459576244293
0.05056232938093952
-0.20121141226541117
0.8218624738784538
-1.0389302104417983
1.7036630295957393
-0.32548068571261446
0.45345881705060453
1.1020749361457778
1.1316375492463477
-2.498831733560357
-0.5014482084473104
-1.5246942404569979
-0.640192121238827
-0.2002587625381245
-0.2611553273337298
-0.1316039789407496
2.4182109209575136
-0.9585400834688513
1.7578734669934624
-1.6848574750029992
2.739929642329094
-0.9980759755501832
-0.6460524464662213
-0.08423433433228855
1.4309407475866527
1.1762411565964068
1.3277792064571086
-1.2977879087082391
2.424475400191172
1.5365050582843172
-0.8033230551593765
-1.606085274717551
1.7963190456592666
-0.7679541441923725
0.7589063309560328
-1.413835529083786
1.362963969891282
-1.9179460683860814
0.3493876696008624
-1.824555367777134
1.8228358364331658
0.6045734289009319
-0.4403577517871265
1.2234908107146851
1.3755076163763544
1.1661133619610995
0.9788684357909784
0.2560735378678254
-2.095819358909387
-2.881042412071756
2.2056727749595493
0.8078122146586976
-2.3135768921881974
-0.3863396810765406
3.039533381485346
-1.0490153922752785
0.9890778362145847
-1.0862719099200242
0.8604030920104938
1.0
1.0
1.0
1.0
-0.3207364251893925
-1.9930378155515134
0.43623412819775986
1.9827030175762124
-1.5508222376964147
-0.6463450578407611
1.2140442386346515
2.0226930344609952