-0.7193847277654476
0.7855906816927182
-0.32994975724740516
-0.22027560660343912
0.2280286979622724
1.3600201698506835
-3.1537247638308386
-0.488876181658128
1.424881789098185
2.0177782403083255
-1.9614238532119783
0.1887148245360364
-1.4687580653115002
-0.9274141712447291
0.2811631487143992
-0.25653418976015735
-1.6805556905810004
2.0481337208407733
-1.304589674822339
1.8093255721438706
-0.4869887287467707
3.20613403267422
-0.01894876962167577
-0.7619567085842301
-0.7727068588003155
0.8769052661681311
0.2155633798849974
1.3179225198541729
-1.8802430094240756
1.5551144008494824
0.41404273218620324
0.0885566346976554
-1.1491298459621417
1.3511423148744035
-0.30970287634477195
-0.6480293364835639
-0.778908017049743
0.8064896725210039
-1.9226586408917965
-0.018402371739475065
0.06621982262344472
0.7424098125174846
1.0218075257653276
-0.9282723818208685
0.727109813294554
1.416294706318916
2.248443462364269
0.8731209658801985
-0.3418648488929101
-3.058821101963524
-2.9131681791322572
1.883668740028333
0.20450107007827964
-1.7074577237303703
0.642281045747869
2.182445919026662
-2.088412117145265
-0.09760502228952175
-2.041520419262966
1.723608717872116
1.0
1.0
1.0
1.0
-2.258218218290858
-2.466870739085759
0.1807456006068242
2.775156537074678
-1.8611121165280125
-1.6659325437909815
1.4494640566091535
2.624552536528319