-2.116185413308539
0.9894046765474416
-0.3410116852674311
1.0264145903515343
-0.4693963810967763
-2.361003593600131
-0.765096769328568
1.0973234817851285
-1.6913440155234944
-1.0683642302324037
-3.416203185065927
0.6284290465266671
-2.7289929417875647
1.0002890773482387
-2.559922107901388
-1.2107937792406094
-1.8579312120634632
0.9399502708289396
1.820747463215341
2.1231802345592183
0.5402333885585936
0.5342795626825172
-3.989359931769104
-0.09347563385367486
-3.4063449882886196
3.659019703395528
-2.485654985458226
-0.7805285680420789
-1.322282559940852
3.5647116625021105
-2.004840869335177
0.15272005737054717
-0.6005505135623976
-0.8372532902052607
-0.6522876656087848
4.959264609650656
-0.16195772697532468
-1.621778680834714
0.9068317526572621
4.297622635391383
-1.4657547690484596
-3.1657719044407235
0.9526324669164572
2.1017911769691406
-3.414283928878847
3.6404164281185576
-1.6220057653649067
-0.4473813817279745
1.3455351989398239
-0.13679411689607446
-2.7108150859072073
-0.7492853433697135
-2.0203772951441374
0.6054656436240217
0.7909481860422639
-3.289329529443027
0.36614452304022727
3.953519603582246
-2.9775666010360373
2.640879189910959
1.0
1.0
1.0
1.0
5.6873256977382205
-2.969602554459679
-1.4579789244678598
-0.2206309378433452
3.1911146357928253
2.333427757143231
-1.1723460384447846
-2.9748196907708144