-2.0171923579429407
-0.7624647108313458
-7.663281559013159
-0.05089002364787715
2.563171949834854
1.258267801583793
1.8803620383768143
4.323844269680719
-1.2089620308271762
1.3564535072023371
-3.03149441845233
1.338349342506847
0.41445393025203214
4.497363955703782
0.09494273731686936
0.9416049871350327
-2.8904501766451527
0.9820097494885389
2.4349543365203257
3.7204292222360933
-3.975572091318369
-3.202401515735244
-2.5635033466909225
0.6656507164693435
-6.515618356618612
-1.8031813963825942
-0.16316111532514666
3.3849107745639957
-0.03402596817260678
5.6384554451383355
1.1642239099071352
-1.8931410329999296
-3.139408526362931
1.119364987157589
-4.11490787636539
-0.4631035280432485
-2.7896362289724723
4.243903593857129
-0.787436609941342
6.340166100274661
2.116872228083099
-1.4746179102892594
-2.651108803999366
1.9128509130364866
-3.7394593825635134
0.8626495138559799
-3.4638325325722374
-2.125022947896495
-0.9933262268169422
-1.7733028145019398
1.7218624015454527
6.310675133006861
-0.5081225543171995
2.075856375999162
-0.4613335297652761
0.4372384986784823
2.087527409875523
4.08656550518761
-1.441873185256407
3.8742139882455007
1.0
1.0
1.0
1.0
1.4749305499464394
5.240565464278847
-2.531506003892825
-3.918789919183975
2.378270849417625
2.8630589060210094
-2.7351615837750876
-5.514145647100463