0.03161006318872844
0.26780965096814
-1.0135970389934645
-1.6782332111204896
-0.4605126357647446
1.1687967917683917
-1.2546332886487872
0.033851426474389296
0.7153404044410095
1.8063303311589878
-1.702167743917564
-0.5976164319025676
-1.085215767984085
-0.5879489425210171
-0.01763328881292954
0.20279228151204792
-0.14401614591434808
1.5879761469600748
-0.9913606214536991
1.9674264006073199
-1.8093706536546557
2.047428337723901
0.10963905359768485
-0.6115110219493753
-1.0196862768850103
0.990238161337945
1.534036924228696
1.6588371331150404
-1.3361172772461016
1.1599321822319708
0.9938905121040538
-0.4168060391854254
-0.8860254381039652
2.2134935530225084
-0.4008378404341021
0.2404439509125809
-1.9370585577721933
1.940143085546029
-1.7271040652882048
-0.917550766744538
-0.6683171390652166
0.7692439533620572
0.3313674089736783
-0.7314086789147898
-0.26174330707591353
1.2207938989836133
-0.29418432407943995
0.9943965395404878
-0.3861971250955094
-2.108185676302946
-3.3039463557707207
2.741698085284537
-0.5835061543320547
-0.6543815930552981
-0.43227922513078265
3.0692596182899066
-2.5546891049478324
-0.7116419645279908
-2.1347737544582728
1.9073984426504542
1.0
1.0
1.0
1.0
-2.430449154481085
-2.8038599667849384
0.1811311734776484
3.3019434240490275
-0.8895007772590018
-0.8764405638610494
0.3927787014924333
2.3684334222612295