-3.945385096012773
2.880474708596859
-2.096602272049907
0.15410081305134926
-10.044305190080157
-1.9562060975228128
-4.3477126960574415
-2.7717921846276945
2.6960327073254184
2.485717921368386
-0.1325825430277287
-7.131271231782486
0.08336147330237442
-5.462834301907449
1.5591448771250516
-2.03987906710548
-6.377009126779691
0.8440528379604948
-0.3415279305934984
2.6955768889316123
-2.825824266706068
0.34593848750894146
-9.237662362476101
6.008138889395803
3.8061277151009527
4.947262666828481
0.864441240282015
5.079732397687725
-2.129224948798936
5.2423097931589595
2.9026397679393368
0.7674722837668542
2.787867490739524
-1.7279508877550567
-5.636600645083323
4.047266214413632
-1.638258194244078
-2.1360193481648606
-8.081948475238802
2.7520898931645745
-2.9471509288588624
-0.4817333379051607
1.0439812199073675
5.072166139952638
-0.6499609823722334
5.517258459213472
-2.6488261206608112
-1.3364386864138693
7.73691821831946
3.053917071291928
3.2658707904172535
-0.5076973461150351
1.9025150223021785
0.19630251285822653
-4.093821108564783
-3.7477178733579533
6.516229750434514
-3.8155102572998922
-0.247393886309345
-2.5121894005466907
1.0
1.0
1.0
1.0
3.620615180183311
5.203892704515206
-5.905946387286066
-2.8901725016069384
5.470711494875894
5.168728343286541
-12.862135183658655
-4.685005221809988