-3.6056291735276655
-0.050060285785783504
-7.188800597086385
-0.9477481997043419
0.3720974387102344
2.5644192894646425
2.7376808181195167
5.325144512499191
-2.3633231240693577
1.114408778544206
-2.384870662793665
1.752546877658086
1.7519898215181793
3.6621108918758702
1.1201394932832935
1.459767212324875
-4.321321826893396
4.36954923921862
0.7060366442367669
3.6438652035401256
-4.347944762662494
-2.5299979068682608
-4.742613340224394
0.5435073216378479
-5.170353076154763
-1.0738263024238084
-0.7570528223093823
3.198426725861871
-0.21467475074998338
6.583982234435489
1.6459583373092868
-1.564808499519873
-2.699928086953259
2.263157752751648
-5.241735047203017
-1.633192649934375
-3.536451004584771
4.737339928167912
0.3227822605116746
5.44047684270498
0.4819315417168673
-1.6660981111517164
-4.862755547109073
-0.09932057933006244
-3.2822313366480995
1.3970817946458922
-2.343540014916949
-1.4259457144120533
0.5262349907549538
-3.0316952657451455
1.1114793237326774
7.995797116971918
-2.2536872875598597
1.491325252999398
-0.20378193173656234
3.5445609619180214
1.2362329611298397
4.754318287707248
-2.7851235214132886
4.279684564079018
1.0
1.0
1.0
1.0
3.7077398174975347
5.75596726555916
-4.817529327850742
-4.651472067526274
3.954176240990558
3.19450491798955
-2.661946572603518
-6.48382499384732