-3.3687542789595644
2.8594050027279647
-2.0944417969039266
1.1793938996425402
-10.046754032459077
-2.3430348901398297
-4.157300103898702
-4.609503793560378
3.3783620554374325
2.7952287544784022
0.014285214885299435
-5.829643888574104
-0.8258922874017717
-5.566077779945061
1.1436498829948236
-1.053436503015444
-7.377708770111463
1.0268196470038826
1.7927669181919563
2.4220011484621864
-2.9246385928220144
-1.2271365856479615
-7.875620812811324
6.255857270730981
1.369308200386514
5.007732929320715
-1.0991267124869408
6.11838399780902
-3.8883514565443895
5.136650088485243
2.4867724638832045
-0.08798528683380169
3.795414167548603
-0.5245608061055553
-2.543294532497158
4.363496499443903
-1.3541014209785562
-3.1858389577460553
-11.763181987494775
4.406390793303921
-2.1874591468738305
-1.2891347632229835
0.6238585979624836
5.532343421476595
-0.671024830224107
6.803485998694357
-2.4217955057351324
-0.8482410011733443
6.669175841461718
3.816664002696144
2.199772485942274
0.09141877086333244
2.660595119852807
-0.8412034311264242
-3.632006652571362
-3.3415627007350768
6.915726426787401
-2.2026166764275557
-2.2723567417625197
-0.988250805691024
1.0
1.0
1.0
1.0
3.805809011820089
5.071152739598178
-5.256373106479357
-3.490685057657209
5.794087446635351
6.729412414166768
-12.993685322158427
-5.6498200011991155