-0.06013580284457998
2.170959238327044
-1.5678142609327932
0.44152103014576827
-0.21439626831720793
1.2356164151833822
-2.5659848988580833
0.774752457920224
-1.6717785303030177
3.2085735087675458
1.4661573596728883
1.7124241340667878
-4.534304295840758
1.6088501560809547
-0.3287413453950207
-2.5621913688003044
-2.2703027448215725
1.5976659451804682
-1.4410826918074728
0.6088726899610504
-2.6294749490290386
2.6755314029705
-1.3413823112363736
1.487834871806311
-1.3509950550505865
1.2756642355585315
1.309503236593543
-0.32952881609426266
-0.9417545885765062
-1.3358229594226558
-1.0075459946881744
0.3290109155695744
-0.2885184857017473
-1.34726660519864
-1.1897565554765184
1.833563078119655
-2.4655605085225227
2.769670237542904
-1.2723535768461065
0.604793880502129
-0.16626855754893044
-0.3734400009148853
-0.9584976208556005
1.9945366951871675
-1.5525369437059033
3.278106202917945
1.5541276938899964
-0.7245563607340201
-1.4748474800008162
-1.411270468662618
-2.2459348952374816
-1.6226794256615384
-0.8570863216876115
1.0177940237608214
-0.27700451369641566
3.1531140208902553
-2.6454458265907626
0.45119551575680944
-1.044819254764592
1.9916820455228832
1.0
1.0
1.0
1.0
0.35946531991238523
-3.418404084610518
2.603481599098407
3.0082193490006155
-3.3962838545740737
-2.5612765665698816
-0.6057440508747074
1.4038560335490944