-1.8440543150880089
0.6047469076763474
-0.8854466943512042
0.253004301811777
-0.4330760074720244
-0.8162216002892261
-0.5614270527381939
2.2174373386704382
-2.279895031494912
-0.6504531608066054
-3.7218495646226977
0.5478195650529487
-2.3150105715108076
2.326986490580054
-2.812347884051568
-2.1854976258561503
-1.4575398725152242
1.2980562963874547
-1.0592022494993927
1.1746459862888192
-0.769594078474646
1.4176124256707452
-4.256619877466673
2.453199164344418
-2.1342502526754754
2.9057449803882482
-2.5256987666417863
-0.4703612626882336
-2.3709012795370352
4.854500826965261
-1.926417485513854
1.3875275299089478
-1.7793974429305734
-0.2139630910571216
0.7021550564685748
4.187904901715488
-0.5701155271937537
-2.325136683955529
0.2022753087108745
3.6150286760835617
-1.8383345556158917
-3.68476449404561
1.358220650392718
3.3499400477916383
-3.50604154660767
4.445127446689627
-0.27976636702911606
1.0340415642010161
1.184589796371221
1.2960868910392669
-2.6581920371441403
-1.1181685056943123
-2.4403907554716566
0.24564018618250594
1.1547417682018748
-3.9567380914116854
-0.315125739222331
4.460987976141575
-3.7383314895921895
1.6406048509831823
1.0
1.0
1.0
1.0
4.575417986833104
-4.001152458327368
-0.666369299370493
-1.9904658580442633
4.066506193953955
2.54290256375227
-2.4917371790468468
-3.141023718724205