-0.8035067714697499
1.4161199050850652
-0.9803146275717116
2.095923157296917
1.2726906932460418
-0.9079640921299845
0.5681234578810594
1.3748615391688348
1.4356398232307672
0.6206192874351566
1.3483840443740605
2.866158191150838
-2.800712726992919
2.9500951531512705
-1.110345127589891
-1.848205133575964
-0.6056434984381074
-1.113695931013952
0.8587581947607426
3.076622145797763
-2.3771794674220748
1.0729560930239643
-2.247632125583697
-0.014525299969996963
-0.5655786484856844
2.795086603739344
-0.4614719205923639
-0.869427230778651
-0.4377282655059121
3.1333095991842232
2.119439668171133
0.5591456761529567
-1.2772415709629255
-0.5447700331594624
-2.939482370592948
0.6774032235283781
1.9254161482158845
2.0022178758421503
2.0874454532423075
5.94709851643183
-0.40596399545371803
1.0971134187145979
-1.9370090208471424
1.2570259281210447
0.69762476867367
3.1906600516130132
0.26882429896566923
-0.30125093904290445
0.4430746600563517
-0.08142914152091518
-0.25639198699208354
-1.5325283336632802
-1.6402249624505245
0.2965898372776582
1.6650293397831764
1.6832862366041925
-0.889072315192578
-1.7995804429247801
-0.8935301359926239
1.9829061012410403
1.0
1.0
1.0
1.0
-4.166391391941412
-3.902572350683303
0.2157993918172434
1.23656449127756
-0.7474767287046643
-3.151061156093304
3.700426451143804
1.8573894901370682