-2.8641957357713452
3.7965730969944667
-2.9327971023430464
0.8946140603432333
-7.840109320383897
-0.38770274565996
-5.167024637848603
-4.401104438502811
3.923823545338566
3.564834260529736
-0.7570740593694611
-5.6270679731182645
-1.773754595781043
-5.1380414124326235
1.1102200182552973
-0.8943300283332677
-6.283223851752527
2.051047527995908
1.668762727788319
2.499488329290865
-1.903221778672159
1.3006686399671008
-9.513976592664408
6.484444073468207
1.7779007149121884
4.740608822820922
-1.3846546107488173
5.79189825472152
-3.72517992476326
5.112495413143893
1.4952347737092109
1.1232656807986354
2.4852045033534713
-3.3878234680306254
-2.677811891469139
3.8312161135069474
-1.5538664238686832
-1.6695158301977222
-9.45416096394468
3.440301229363908
-3.2499928980423887
-2.1470373460148826
1.3315552371099308
6.830323367837141
-1.0187270529458532
6.229456555808277
-3.743584295508876
-1.7273857260257035
6.369073553560084
3.1389399881022175
4.635316167461866
-0.45610443878585527
1.7782502109765714
-1.6874403710587988
-3.4010935381517227
-3.8470838416180073
7.112580120235706
-1.7533656191572815
-1.9393908918509848
2.067062452906532
1.0
1.0
1.0
1.0
3.658108791049471
5.408362781522136
-5.154732661982697
-3.525032708384706
5.2386891979038355
5.533595908857735
-11.911932683239252
-5.062028434510001