-1.5327398758227873
2.4372059717421752
-5.06214282217657
1.0474300524554392
-9.571737284622028
-1.6158943646790407
-5.379508276741394
-4.364590472357728
2.7718880679275846
3.0768746572820223
0.5961318057298277
-7.124673469124119
-1.4304615459574197
-5.985859762447527
1.0565934410797178
-0.4212899981495014
-6.119393746430958
0.901742474907725
2.796964070433959
2.5535040330748435
-2.6970340259527763
-1.2900825795191846
-9.675616612546344
7.663107951062
2.809747568693778
4.1855883197410435
0.1959758400479915
4.674381221458485
-4.375167715580974
4.256845244980299
1.8508259121740855
-0.1972709862928016
3.7836898388426685
-3.098678810137842
-4.986788450772553
2.547114174520373
-1.7230666806685986
-3.760300014567777
-10.752575804109211
4.047271196185601
-2.8620673236536875
-3.68137455137901
1.0066202870723004
4.7892608964625385
-0.7269683759748531
5.418828705293394
-4.312101734488455
-0.791808695473033
7.706550559211806
2.190991800785045
2.754872699845965
-0.33366301305529594
4.3690586531452045
-0.7561447955703723
-4.028042059383656
-1.3719025707576347
6.643652490980089
-2.953645702119022
-2.794475273694961
0.017928774935726532
1.0
1.0
1.0
1.0
5.531439117630204
5.776831014033446
-4.604897144127074
-3.7632754892070346
4.7008549436887455
4.874168362631479
-10.250951992672412
-4.525170351142651