-1.2918598717606113
2.1040174782068037
-0.3361846599921472
1.203506896753375
-1.3858545957628912
0.18687067704603105
0.3367390153779642
2.2354844271391174
1.718673562100418
0.20149472685865827
0.482118181266055
2.8221240354831085
-2.1316858825648555
2.1984600350401826
-1.4034719664237563
-2.6736407661578907
-1.108600442414842
0.013375123284268566
-0.3838868373751683
3.9588152959947585
-3.1661472061145566
2.8340428474594845
-1.7773524540543653
0.6154735063068658
-0.8499382531129558
1.723753249614607
-0.164315090385723
-1.244814186524687
-1.0215121439901012
2.6387880498177214
0.4172138723525449
0.20766352222005388
-0.7330462819560996
-0.12006196595312296
-0.8813900248999196
0.3843865859046467
2.499723274086999
2.023206188645465
1.1033230474224154
4.463623684223227
-0.7562449798731672
1.3373531125216775
-0.9298449093451254
2.0777777861409668
-0.010657109861858582
3.6351407672793594
-0.22379841504370038
-0.8711326603607829
-0.342689275954206
-0.7032073171361645
-1.0847710674902242
0.4411290158130755
-3.254444285745425
0.5083795480704872
0.25958326114237185
1.3560617163205615
0.6512980288682018
-2.502548751840286
-1.6262711299836055
1.5319815856909766
1.0
1.0
1.0
1.0
-4.217087559009702
-2.291146140897481
2.224421403929159
0.979742862582814
-1.7400636875375861
-3.853639989470301
2.3277503349727318
1.3994458110400774