0.11364358089805099
0.3481493304023355
-0.1481805079505649
-0.25972017925903235
-0.2050458009048886
0.6916040861619737
-2.6272551842581238
-0.3055054788094674
0.847374052775134
1.699425011946383
-2.182066969662355
-0.3613755483778645
-1.3382450509564288
-0.4708363986676809
0.5619212575449151
-0.16325896363634976
-1.158624091505985
1.956180073949806
-2.095169087068796
0.8305362153381056
-0.8470903417279985
2.9622482039184117
0.8816446959054829
-2.207111840515038
-0.471809130792879
1.7756867781827568
0.16501757890232793
1.1906558877981428
-1.8416650698470927
1.084814936845068
1.7340120562416503
-0.6537789208286855
-2.2022592760814326
1.3797814788762768
-0.9048772527101755
-0.3568220868740849
0.12858646533056883
2.1036654096249405
-1.433039467630949
-0.31920606413427943
-0.5562149937727389
1.4195956033280586
1.1752923780750897
-0.06923163880822503
0.3911273586781
0.3383425100951436
1.9004388580341531
1.4053658244873695
-1.3792252967124572
-2.1649903027566393
-3.15546901810149
2.576241492631234
1.2351029995945886
-0.8149013767145751
0.02068924731934757
2.061920818187273
-0.7383954530479853
0.6572917484782749
-2.5850473654044386
0.9364483121145298
1.0
1.0
1.0
1.0
-0.6584514843265711
-1.627379817872327
0.1743490800701012
3.297222429499861
-1.3406783216905624
-1.8304345838518503
0.8744764487327865
2.4873636888569917