-0.9354386926697089
-0.595145307634134
-6.449166156652676
-0.16139603811394188
1.248536629185627
4.45100981258779
2.3178806526175006
5.139991012485877
-1.2528502961097634
0.44684274203227714
-3.782148692830961
2.366148873278756
2.1789442282737475
3.2524663588561253
0.1142987625498394
0.8869474238525263
-2.380585989663981
1.970496992136862
1.3301417263390538
2.443182051933361
-4.995539673400028
-2.788311594831359
-2.460910441020101
1.1906600024300995
-5.760269707727962
-1.3127940573382868
-2.238498290310593
3.041046143685342
1.0222303728632696
5.53376236515357
0.016093783949154866
-2.1375618609150164
-3.3202371101746984
1.5535648480670006
-5.795757596899223
-1.9684273610175957
-2.551102905838898
5.807996773573444
0.47325571161291713
5.3731671674330705
-0.005805714704129494
-2.9655433291135314
-3.7326357247468342
1.589006257479186
-2.757403285830951
0.6700787590799149
-4.395322840176904
-1.8536193377971637
0.20924709559983623
-1.755189644719264
0.9510757126495857
6.953192454887789
-0.8353587016722173
0.1252882760044236
-1.2743349762711376
1.1333804358073278
2.2307004687056615
3.677767321388408
-2.5256003186746585
4.551718787421579
1.0
1.0
1.0
1.0
2.7690765554898675
6.688260941798292
-5.431441244251326
-2.633904710254464
2.6443563053070736
1.1495335126736355
-2.640168253287652
-4.00328337898458