1.0189791076202903
1.400536459662295
-0.047156767964937896
-0.12266049917630217
0.20833593862285055
1.3082986128947667
-2.0749972100742444
0.25994708599491145
0.46383966023648454
1.9164546693892002
-2.7168215770485356
-0.214037977287269
-1.7659038081097342
-0.524733366657622
0.3412371241407315
-0.6431638388010097
-0.7741342120349881
1.829320594781097
-2.1997072958715314
0.7995589622396295
-0.8732589210259583
2.6193499508197338
0.8546593572319552
-2.196690947400841
-0.9590387887742269
0.5492953242151245
1.0168644552839985
1.1079179097883514
-0.4930450211157872
1.7483171947353402
1.5787051074809275
-0.7048276246776366
-0.22495706943314175
0.6810070316037893
-0.5732676674921692
0.17025026350516795
-1.6821183321357842
0.9682278435791741
-1.122534122688041
-0.5683570205277324
0.07170187709201814
1.9037615460283903
-0.24332431327883797
-1.5463787811115326
1.0004231585250747
2.215618991373524
1.2006320265965928
0.5869489663462873
-0.339260980217589
-3.2089155842083446
-2.892957510751629
2.6012126008064653
1.2432688672956165
-0.4255491986809946
1.0251842075904154
1.7132211549488208
-1.7471122901842748
-0.8047414785204963
-1.5391710500277243
1.4940255938454756
1.0
1.0
1.0
1.0
-1.519576926896372
-3.1258356740411624
-0.8262543800660769
2.8404702225233125
-1.7264822335416241
-1.8266560825328937
1.197942949888481
2.5774747149758555