-3.000173872081077
1.3059640523407259
-2.924288432464782
-0.4606641557700317
-0.0605445925161775
1.4883035764596473
-0.5447385303883759
0.2987815240959929
-2.858341900447254
1.8804558398235254
2.9915755370625607
2.8350487036897
-4.2006553566427245
1.8507362952049315
-0.9527521799908347
-1.7927875831982933
-1.948268148817442
1.0547793000745074
-0.6733452108672006
0.33081551038849216
-2.1303320539076753
1.4441138882124578
-1.2048901493695294
0.30604408664916316
-3.0011731035370808
2.2340141882679854
0.29708832096546084
-0.5457662046481295
-0.8941783837708649
-1.5911335159042095
-0.6860222687416115
-1.0283825347091635
-0.6266928011903391
1.0532968971115058
-0.8979199175386114
2.0915063932769185
-1.887012414566251
1.9491175323045855
-0.7745375321587185
1.1559059183856573
-1.0803373189153964
-0.32799499511713437
-0.3718246284583947
0.6042644611689945
-1.7358213229084754
3.5706146570843633
2.300758610375361
-1.089584133946128
-0.7973187087940203
-1.2261568853841611
-2.1999690652644226
-1.1936359077595196
0.6970423317828605
1.0028195876042565
-0.5766634283323478
3.5215447812834606
-2.194714967462024
-0.3393090792584399
-1.4910120365300454
2.7876577662076523
1.0
1.0
1.0
1.0
0.20185719881721365
-2.5596896728618845
2.196823812635868
2.0965262141501313
-4.2454415424401954
-2.5998930713289266
-1.7141322403616635
1.5070231397137346