-1.5539377106741017
2.2946683426901915
-1.2464767767318836
1.2654825244978163
0.07355584065351206
0.2277322535044488
0.755047043786547
2.378598348109662
0.20737236802645753
0.23991549266946594
2.012635210381665
3.056445902589575
-1.7283822396729138
1.4517837632381791
-0.16492244134800194
-2.3475246027029955
-0.4601095715690552
0.32371171036263113
-0.5330080865121569
4.205766126462194
-1.6898988331190956
-0.10498568794425034
-1.8874863405307063
0.8713063036121907
0.5988739288983486
1.9057347371706646
-0.8691041016444115
-0.126984965432417
-0.3279363202832668
2.1402586896026636
-0.36984222632166
-0.14467348077728032
-2.4319818781120217
0.36544961535344656
-2.8463118944093213
0.3947025807922404
3.1960042717515833
2.10894632024161
2.7356358816671493
5.56140324208889
-0.5286074092968635
1.2324886490854146
-0.19286147853302182
1.4675635537449327
-0.056529635404883316
4.376980951595924
-1.2126204612669085
-1.0891821818427858
0.26195303090165756
-0.3906967777764404
-0.22187351700915048
-0.9941902095161048
-1.4945371563716794
-0.15460074971279025
0.04022121594358796
-0.46816954069102834
-0.4934049546524074
-1.8690540356139342
-1.8109055653655413
1.7723816590918022
1.0
1.0
1.0
1.0
-1.8708312125700062
-3.032824204439475
1.754515201966948
0.5176939098385842
-0.8071449223335047
-3.6408599399675654
4.566189989858216
3.2915822466831486