-0.433789911456947
1.7275339321439946
-0.44353851433544544
1.0021423394976094
-1.4080715555988532
0.004094896760646616
1.7513973693627183
0.9293765607588143
0.3739424246409387
0.3520644474815249
0.9213811661213177
2.8729374626581974
-1.5917762061234106
1.1070577945693352
-0.32840464467760133
-2.035502978852581
0.17519319489383212
0.24141078357428436
-0.6370435879436268
2.6005560550312143
-1.722047213212141
1.4703833973898452
-1.9158310691193043
1.3684987534690207
0.3257092322014469
2.376949789601348
-0.2949105657606397
-1.2422624970826344
-0.8673665490365979
2.3774738274089495
0.7139181633266932
0.9674068229410511
-2.044649797550061
-1.0497466872218104
-2.0070761011447824
-0.033967171382640854
2.276158985569367
2.0789183254175847
2.8337731904055885
3.9139966684229153
-0.7705697877774624
0.6426204003725537
-1.0767661260950105
2.1734179503965754
-0.14030970130360676
3.209597769509705
0.40046214551073606
-0.3617087897271715
-0.1697492580034637
-1.589453774742129
-1.3166539739253946
0.1547281995797265
-2.0415565591112586
-0.5139242290188829
0.34530820601999146
1.2199226242600807
0.462224771406206
-1.9574315464550887
-1.6560523569413717
1.6275867241991746
1.0
1.0
1.0
1.0
-4.0197697291844054
-1.9214102425921715
1.2035821315937703
1.921642500531806
-0.3064816587823741
-3.0812364709240496
3.608994067781395
1.5119771386240837