-1.768920098958336
1.1792459974931373
-0.281133701493713
1.0391040008850674
-0.7553369442222847
-0.5575481396897203
0.4342414533609286
1.5783579641822494
-2.853287783801988
-1.6119547885274805
-4.464717428271622
1.5624505611345958
-2.0921561205505825
0.06257965806663046
-3.0470019193773172
-1.6401764131691807
-2.544041807367023
1.432282860224876
0.9694957922617378
0.9484527442934375
-0.6303094770202049
1.0724379104795103
-4.040473627321771
1.5633940876404893
-3.3266478290746164
3.003557579525248
-2.683257535188924
-1.0265488315789644
-1.083547691123265
3.1642125866326354
-0.16805426221205444
1.0960729901106516
-2.3148956688288007
-0.4100577855169896
-0.1888808076912193
4.3760743114578124
-1.50884844569671
-0.9290648649224948
2.0029735756209384
4.875915965006634
-1.831401403665175
-3.0870763986741037
1.4098323501318704
3.2681998966065833
-3.055062002716487
3.851380274248039
-1.1895191592567973
0.5203903710144494
1.540696192371131
0.9707229930310128
-3.0719552632333174
-1.8674402794712273
-3.266472962468035
-0.07973919128864049
0.8798951790456702
-2.721679388186514
0.054066839537808276
4.310697116236462
-1.6802502255750096
2.7227810859409156
1.0
1.0
1.0
1.0
4.760042673623444
-3.8811505710145613
-1.9882789028342367
-1.6530422466334906
4.087624325291299
3.513021800933335
-4.318310083881945
-3.7410828464715156