-0.31963892039339425
1.5895798794128329
-1.2476426312353803
-0.33703710445657
-0.623628307191034
0.38993838729217156
-1.5732108970777254
-0.22163655221816264
-2.185334492830446
2.080493486354434
1.97649037995572
1.2602825755480944
-2.499793459715451
2.7131059947648297
-0.29934968007484897
-1.2273349259452733
-1.4588740665495994
1.5177357880773787
0.748726835234291
-0.33467636576132775
-1.6437154655738628
4.053392659263119
-2.153815932109967
1.1622532919140687
-1.35801447475155
2.1203610205631938
-0.3500918459513669
0.21515522091317757
-0.8590755636263403
-0.811318458546673
-0.4872906617684654
-1.151411581308888
0.21939081486100162
-0.2853866564855488
-1.1356543337165212
1.7430215070198232
-2.167577776479048
2.065849253438026
-1.2123833637374666
1.3982549183447517
-1.2364089878616562
-0.060565363538922126
-1.0865345183360262
1.8631171863404719
-0.9815078081655706
3.773991064496416
1.528079609746071
-0.7932070331017885
-1.5976900428944396
-1.1785845102256862
-2.1723222275102483
-0.665798659793146
1.3222591091573044
0.5592091772727463
-0.5472508989392424
4.057044490849373
-1.7303209637600092
-0.2503929406050176
-1.6544163679007873
0.6454795894026841
1.0
1.0
1.0
1.0
-0.7161893294541085
-1.602302461418436
2.6262887052101975
2.1689372537371376
-3.40962520737188
-1.536169995966449
-0.7506382753786296
1.15893833732276