-2.310130799972173
0.9368381044143195
1.4080375662094269
0.6673827139873525
-0.10748977097215823
-1.9685595976321657
1.0386100575333244
2.8402311444917454
-2.3231322407840187
0.23168401562631621
-4.021694995373426
1.9830148994983339
-1.2277919269122175
1.6117308928062184
-2.967497539051231
-0.9647272153894215
-2.382298433720526
1.832661392573988
0.5344174505587151
1.4534226018210394
-0.5225950682736302
1.7036023964932916
-5.829416179919134
1.6283918894581118
-2.2317557054629
3.3566700988849796
-2.043432621343719
-0.3453418757426292
-0.950185829095896
2.6395899727627543
-2.3621060253670523
1.9709718704562025
-2.0703698549795577
-2.356605895023838
0.8563936800598173
5.456350198720197
-0.06717643871458351
-0.12255841735683376
1.359191312859079
3.638017399805341
-0.889032920177378
-2.4560477902871463
0.666297291502293
4.368000053281186
-2.1337866404250643
5.200536386248249
0.043600557107809856
-0.250145145583833
2.134577668883801
0.6031672772467025
-2.06681627265299
-1.1274903741629818
-2.9914439514748783
0.7766686454897752
1.3996051258857134
-4.98891965971597
-0.32809331696189015
3.7852042038156206
-1.8964691742115747
1.7083035400710544
1.0
1.0
1.0
1.0
5.111690701965026
-3.8644782307473804
-1.5242810373477744
-0.5485497532978024
3.9183023957571703
2.8770293584105704
-2.9897119247812096
-1.3671040786807938