-1.6873195715948863
1.1219380251288547
0.4513013075531803
2.0008128117480557
-0.3145351171534119
-0.7777305354145116
-0.04484359094849871
1.7948880202410478
-2.795936453286904
0.02101224893316306
-3.918963042616702
0.6196574857402477
-2.2994852133190924
0.8314902031168182
-2.7867313018563227
-1.5914886035576972
-1.3922326061674002
2.7302841400405495
0.4409171015141523
1.147165577273481
-0.27260425752541895
0.9177537899840004
-4.11073697690205
1.3845650882335363
-2.615260591122299
2.5460707965044835
-2.2413054800637924
-0.44804462918490384
-0.5113038598340474
2.633026140325474
-2.494873602438597
2.237690907564633
-2.1075167462612527
-1.1630184759636277
0.40003641332830664
4.3547881780892475
-0.008591316796227821
-0.3006472691259756
1.582454168509447
5.670578968019105
-2.026926781198269
-2.2533078964339603
-0.5747313071867237
3.9575579775009833
-2.3599808254246164
3.824648305077604
-1.1484680827555351
0.7098010316663066
2.3681647201730396
1.9986593734405265
-3.9605889452998015
-2.2602032704194923
-2.261724186712523
-0.06824645381111827
1.2143740869232862
-1.384532469650181
-0.14489490305598596
4.086923065507414
-3.1954736928406913
1.58476591835157
1.0
1.0
1.0
1.0
5.970205667899815
-3.9207898346279597
-2.332959934275877
-0.11287043820996745
3.868776235850622
4.268203397762281
-2.9482374047908144
-1.9243977397959124