-0.48645044611432997
0.8424552260022298
-0.1935067095923603
1.1092114997156393
0.6461631781497252
-1.9507890953975755
0.20080496554221178
0.8532725288709242
-1.1334641130749952
0.453954941399514
-4.23553823738217
1.5496250283807922
-1.0429984858597363
1.1476556188829565
-1.812244158135802
-1.6516267727935248
-1.8170680413420692
1.055740117677035
0.37335373147478407
2.0171320502209418
-1.1499458966104854
-0.09658183760357553
-2.4774050295369032
2.5286071639653893
-2.991451288134991
3.6159959214734214
-2.6451818266889098
0.18976284228342244
-1.4108684911499956
3.0468006568475943
-2.2099177538970407
2.4066769199973495
-2.8243733939381266
-0.4544554109574451
0.918103226714392
4.389411992633581
0.48907273712861865
-1.7806866184945944
0.4257165970350564
3.5005810342395356
-1.6432463026775934
-2.5811571093538674
0.19318874575389566
2.3874631577635026
-3.1932466893925295
4.052663824084957
-0.5038769567497966
0.9647949224754768
1.6753224031244085
-0.7999512542399576
-3.4741405227328603
-1.8575700032651736
-4.145492905799448
-0.11296024349705847
1.2975539656407917
-3.1821830537286258
-0.7533330452542869
3.8724416911867494
-3.2084796604601027
2.026253172770766
1.0
1.0
1.0
1.0
5.259043950066065
-4.373763817370403
-1.0086458908758598
-1.5561319820509691
4.3422436901299335
2.3031005932928634
-2.776561836069603
-1.5353483994528179