-3.017724936054876
-0.048143331426692054
-8.175782951111533
-0.48431689757305807
0.8605579529693719
2.830068692661773
1.9381902619270919
3.343695766451007
-0.5531104057457252
3.4300953600901827
-3.601137272394666
3.167909438739005
-0.11579584940359733
4.172038258505482
-0.6306267484015541
0.6163477922779885
-2.690885551366936
1.8588381473020363
2.342605039080782
4.568576348751197
-4.35212867699165
-1.4812954937546283
-5.006460621269845
-0.7978071659965484
-5.665951514203088
-3.117200367212896
-0.9950267472281424
4.089860155053469
0.5316713583591628
6.06380385852702
0.05555577526533989
-0.4831330478035236
-4.309488200404573
2.17076530170336
-3.32945716193053
-2.3872556454176013
-2.4984835986704605
5.323912417118532
-0.4421344415438605
5.333627655790764
1.2239978814451176
-1.623711188671885
-3.8591330566711854
1.4099303671148284
-3.088062086699403
1.5518764822921698
-3.1275727458558182
-1.394503884334858
-1.0789587798709248
-4.074827624406192
1.340961623913945
7.493568906550379
-1.089564398593201
-0.32597731395158014
-1.97423727904043
2.1143679487895786
2.6693997307768558
5.25205569582141
-1.8680600172591824
5.673821226825446
1.0
1.0
1.0
1.0
2.183009993425088
4.7832826471245955
-4.65174566235798
-4.035453663613475
2.094003278987611
1.5739503116387557
-2.67629545345409
-5.9317740977009805