-2.8970189378482445
3.6475985051696824
-3.058362263091052
0.768654884421287
-9.040683138766797
-2.535148054698399
-4.994048824866725
-4.119932527510134
1.622915959850546
3.301609928377463
-0.18966401519229245
-6.409416527675182
-0.8200807328924855
-4.622288821254795
-0.1988268700276734
-1.341822793309981
-5.728636120211622
1.8195235068335605
3.107960510958242
4.2615033427386
-2.65672643636781
-0.2923722906661214
-8.847636234720115
7.138579638626625
3.4555118780290712
6.040815994601452
-1.052918551241366
6.494625484863767
-4.458243190461781
4.516015865191044
0.9412888386495966
2.4901217678586156
2.8860999583531672
-2.4909332736522005
-3.6128390713030343
3.3138439402985336
-3.7225498962664787
-1.8050838462248395
-8.352824765842612
2.2147579772796324
-3.3648847498840087
-0.8181731117432827
1.1566146014819338
5.838880287786533
-2.351758243265323
5.6965855371449345
-3.862911084808073
-1.5546915015669693
6.836987422235151
3.3523925940850345
2.2792686065512275
-0.08115750898812835
2.9025564982293703
-3.492897385204423
-3.7646798269263537
-3.2788095544876263
7.361413743349399
-3.2236963002101
-1.215476820226486
0.7257187086423776
1.0
1.0
1.0
1.0
3.2782749782818392
3.7921575917717054
-4.972181579866858
-3.8531631170802183
4.699260836933637
6.258752772062109
-10.822851689978746
-4.990414028896865