-3.0152676874617783
2.953018981231174
-4.053298665974248
2.225454432180759
-9.212889045635949
-2.0979450499761505
-3.1627219420328525
-2.50032901547167
1.4032964757121817
3.97906330194627
0.7240026573363894
-4.702059298223314
-0.2552348230874273
-6.242447718130877
-0.0035161006899313563
-0.7451024084276046
-5.949509131118963
2.4539611086691027
-0.18321371297147726
3.478587688354369
-2.176837317433925
-0.05146173522585834
-9.81129397544672
4.246422419886676
2.0864139900167498
4.957921407508678
-2.3005507786668806
5.733053840139698
-6.175301932728164
5.707368918299324
-0.3644670653137827
1.3807023251917505
4.102639939930377
-2.9302224732059337
-3.3666910081632544
3.288371899975264
-2.3473160339814716
-2.0120896664808323
-9.440304353393994
4.79211142736082
-3.513661268776799
-0.8375036203032784
0.7436981939935696
3.290229906130056
-1.1310692366006472
5.155553084892381
-4.7156597558252304
-1.8072920733317719
6.21526843177043
1.7608670890070375
1.7291186763903135
0.9307116495242471
3.012560238184541
-0.3455521478576853
-3.4557464256789103
-3.785520327333983
5.945991727288012
-1.7014226295188088
-2.435107409145899
0.48174575567376376
1.0
1.0
1.0
1.0
4.314055946172032
4.852858223959742
-5.8070126038281975
-4.208307669499334
5.053920241284037
6.304396777336954
-10.215694073447228
-4.518200023977158