-1.5138520808361433
-1.0920610781673386
-6.345574093231635
-0.17916497757765992
2.629980688013399
3.3901508913218654
1.83008434323729
4.7913864686371515
-0.32789944403506566
3.0769089543242285
-3.1836090643049353
1.4730061764309983
0.43825005837607156
4.033876729909387
-0.026722460963025774
1.68066044223761
-2.9996578483782375
3.548218240857564
1.4084124040447246
3.621457149807091
-4.620542259796114
-1.8834304653524696
-2.4671937567887756
-0.059403733502902234
-7.194463471247742
-1.1493632351629595
-0.9364885489681407
3.088545164471204
2.126142129177702
6.19427386082914
0.513444268305061
-0.22384795833091897
-3.941696378855913
1.1514895879822993
-4.203143710849146
-0.03128341745370422
-2.0066197319194137
5.419156874423722
0.5462635032939853
5.687818763376295
0.24202720890028068
-0.7275440534855792
-4.4671501890880405
1.6109820644390116
-0.6683462950916312
2.726555572242063
-2.7289662051070773
-1.1643445997010875
0.24210672424490387
-4.287258144557321
1.0374504532822728
7.486188115080237
0.3214548811007183
-0.3684998140926663
-1.0562589519715448
2.910402730588546
1.7656417669689353
2.9441604872681877
-3.2728004017019505
3.765885386911716
1.0
1.0
1.0
1.0
1.8824419860059778
6.374452444185649
-4.358249524334249
-5.018426717789175
2.741116414233612
2.742534606292481
-3.529057258063749
-4.829087741214842