-1.3407229662422977
1.6465907064314211
-0.3496233682011584
1.5550355208740663
-1.7434966045497435
0.22030955807490693
0.901224541588082
2.9197790172006366
1.5766960616874215
0.46109540369711377
1.4056643563020315
2.987807442446504
-1.9443742900128291
0.8360879262022872
-1.279016995894247
-2.9324001376310482
-2.3039052965184696
-0.14180052817433733
-1.4264018329365158
2.7445637748176397
-1.0747779911475752
0.718530451523429
-1.5610122416081547
1.7040430500524137
-0.1307707004693217
2.817803743936196
0.3584441091185221
-0.6265117440525034
-0.6708819006688624
3.075920770686456
1.4521906294415912
-0.00646206248865841
0.8690705442449835
-2.061396436941929
-2.8658033474374838
-0.6718254822764278
1.1974279522523765
1.9596131481661074
2.6341394603852146
5.245540127404974
0.019646662569979267
1.4402334270355004
-1.9804671756196996
1.4676508531344328
0.8745332254576779
3.8057764223799846
-1.1913231262953436
0.18398642563426548
-0.1849271552589407
0.39888066515435855
-0.5118017645647018
-0.7030426906668664
-1.9207281131901686
-0.865563044805077
1.3784940010885298
0.6772588569089217
-1.7534327331002992
-1.8330228567746008
-0.28129701610631763
1.4592975901788097
1.0
1.0
1.0
1.0
-4.1606176172513125
-2.817489609734353
0.8057372078558338
0.266016832598152
-1.5117800884431132
-2.6127365142913126
1.996585196121904
2.024628694904291