0.4457032691699475
1.0370890460587394
-0.5216095384300169
-0.06687524535314732
1.2864845312704498
0.7392386426119241
-2.4548957408499112
0.08977247263901145
0.7532898409391906
0.6858041563843523
-2.798923512841717
-0.30527337885512706
-1.606714123323551
-1.6107211159687618
0.20997529012919167
0.6028033083724229
-1.000512153430689
2.623059456946966
-1.6664923002237422
1.3567438419627171
-1.1202321473705388
2.6319090415724373
0.1801512627259515
-2.141276174314963
0.28356217499137326
1.7894617537153557
0.5843880513080755
0.1786369544236519
-2.367233421630343
2.044655105507606
2.1100318763577937
-0.6883663391899635
-0.6223693050082048
1.7042997274487452
-1.537083133195026
-0.22395821762152418
-0.569818293893221
1.720409077837959
-0.7963118359029372
-1.321564846142829
-0.02535160760159383
1.18805478817765
-0.09287069598619058
-0.9055536746764389
0.4248563432614073
1.1889262262150206
2.138136179432966
-0.06846701737968952
0.32731746539040585
-2.1187786134674695
-2.3156955180818386
2.8642762960942543
1.0325185276132247
-0.32929532831303776
0.29929824187204457
1.9074749309337746
-0.7251335339206225
0.637585207627613
-2.9239021103018454
1.6716767551448213
1.0
1.0
1.0
1.0
-1.3510697543591164
-2.185699563578255
-0.043702923218429224
3.2415423364319595
-1.5421797439653289
-1.589150578580072
0.9606670993486681
1.523421349184248