-2.549879646772602
3.600117342359308
-4.487879651449594
0.6807493137109617
-8.600745525069227
-3.5670617186186346
-6.059378341917396
-3.7426588522278084
2.8875527358081436
4.464162465018189
-0.656029464068328
-6.425231093838331
-1.5031485736716501
-5.73710662778153
0.02574729370253126
-0.5932078335653934
-7.331221162378244
0.4637541827305207
1.2374487317671328
2.6564933311358447
-2.520982468762143
-1.1371141203163733
-10.166656094338588
4.961247872588041
3.2889106929502114
5.604365669051142
-1.075438849247424
5.696742424178648
-3.9822907792583133
5.6478428682189765
1.7339006305829174
1.1237876637201678
3.1414357976246277
-2.9845639474292573
-4.275367938803257
2.114854166167374
-2.3630626188116834
-2.1189716790849995
-9.707804734946263
1.9364611353741161
-4.125622815194785
-2.0373529195512554
-0.5657043285173213
5.293638322346772
-1.6945405832727598
4.125991876995098
-3.1148079853166415
-0.48878986131605306
8.282739916472114
4.482601433997439
2.2343620114529514
-0.9390161329629385
3.1422833891282167
0.05123448606013059
-4.241257958365674
-4.793389051186404
8.176784317959587
-2.704783833115649
-1.8014257598601875
-1.3623125188661565
1.0
1.0
1.0
1.0
3.3857039380256753
6.002710379067031
-4.9423666978983
-3.34912954026945
6.08007481570977
5.376008761657337
-11.474847458696152
-4.478182263977878