0.9424484327185821
0.5080272596940448
-0.1844664548771346
-1.451314869913697
-0.32951171429504417
0.44496195018918494
-2.5999340987800474
0.922606276262322
1.0552435098928767
1.2489075698464325
-2.2934976951994495
0.04999699334394056
-0.2511257469355592
-0.9850762922304659
0.4251231863207854
0.38576505885217466
-0.9384611093246845
2.2749270197006175
-2.3966893622740986
1.919705504403362
-2.4680585841740816
2.674149443775719
0.6835674099075568
-0.7725505840233897
-0.6037164435567747
0.8269228828532729
0.6439569579374789
1.0041318335852647
-0.9692139116887246
1.302189108902105
1.2141649654493543
0.6224308110757067
-1.737963051423006
1.879631165807714
0.28368260740814866
-0.3313463928728748
-1.7078177494697329
1.4498304862465152
-1.6318271823137636
-0.9826004637208121
-1.0133680784067964
2.0171765659571173
1.0248353514222666
-0.2892066292099762
1.6861822683838799
2.0624905227489627
0.45230407222202806
0.779289249634613
0.19491772438937258
-1.4562656310788151
-3.8844714227461603
1.8207910171186974
0.8964020647920258
-1.0250551777641042
1.025894286803145
3.1468745344513462
-1.1199994110599822
0.7345245393424893
-2.8378538288435076
0.9057376932743819
1.0
1.0
1.0
1.0
-2.6132955561150286
-2.0218484150134475
0.07657689663655712
3.396472154469053
-1.5694406128079275
-2.0099606302492243
1.2038173488040667
2.1525800937718342