-2.7917211946882166
1.9338265110606279
0.45626070348623393
1.0942684894751267
-0.029025901720161396
-1.403157505182302
0.46988804802774203
1.9113612143100895
-0.5143528032364326
-0.9654208440492572
-3.90131963929285
1.5186508745369176
-1.7703619237039405
2.0409850247284784
-2.574685630631365
-1.5354067430572003
-1.415234113421438
1.8276927963660579
0.5359304479124694
0.10752087966736745
-0.6245135440875013
0.6637154828631262
-2.8701079411227823
1.796715244279011
-2.722260022088718
2.6507253176378014
-2.8437756999798323
0.3390470481981175
-1.0247062227960757
3.398076128341057
-1.622007197361958
1.5661975744143646
-1.881806816748699
-0.4184476439673431
1.691099507139731
4.943326662847747
0.20323816089155888
0.04304915600033132
2.43292180074799
3.3464764172979606
-2.307217458619803
-2.5580404189811827
-0.42316745572513104
2.7296743202746225
-3.4850081355596343
3.796528201565071
-0.5744148670550746
-0.05936154203282562
1.342150536679793
0.8056081673316424
-2.9386045146685325
-0.19651728353522713
-3.4933857228423824
0.5786218713380545
0.5782326027187199
-3.515607817784657
-0.39563283131141075
4.188094140276696
-2.3610074528178195
2.6846170806458343
1.0
1.0
1.0
1.0
3.8847156554135305
-3.0505656871577687
-0.924926512303451
-0.323028506921912
3.9578838003291956
4.382883710538962
-1.5096521756475312
-3.089473130568541