-1.8154854486571863
0.0815892029987646
-7.6520016366143615
-1.2298416673043557
1.7792534553719799
1.488156902134789
2.2005534442794534
5.388215056339507
-0.4592496043876441
2.4220726843661495
-2.711576463737865
3.1581742916219078
1.3038152915401682
3.4131346397256657
-0.6738111985072262
1.386236892486248
-3.1589213598997627
2.3966798839228707
2.115831096032217
2.47147039031998
-3.3214837693289754
-2.8264169267783723
-2.1290502591798743
0.46843166406086373
-5.234995966392864
-1.1150590192037266
-1.2981406279405212
2.925675259404023
1.3104067047484178
5.37411214460125
1.1560047274985896
0.19825727834121643
-4.07075598599767
1.5087653581766536
-5.102251293142689
-2.978193565666454
-3.6142478563006657
4.333913420827709
0.6444806452392553
5.411293945747741
-0.4932382603108346
-2.144922661403241
-2.680191116235247
1.7857307478475348
-3.8203081133947276
0.6104286840259463
-4.396491655095323
-1.6170511038320194
0.5859338943851721
-3.3629835141833966
1.9580453705760963
7.082176437080426
-1.013494392092485
-0.6331051734275038
-1.521145291404838
2.4898520389111036
0.945141856052991
3.232070570153383
-3.003524342908188
6.055043391281384
1.0
1.0
1.0
1.0
1.3758517198738092
5.421666539304779
-4.200923727325642
-6.19729788321796
3.4527055794461305
3.5505839052711554
-2.779869327982938
-4.916286559503016