-1.8421598225637448
0.9951384440444521
-0.02059475458799301
1.2552654390684106
0.01615971571526076
-0.16312331856190387
-0.09534253579107382
2.419072752814182
-2.344071248382415
-0.2255996893777162
-5.442037732080814
1.465400747463241
-1.035066514758034
2.213248337799965
-2.3880446103211224
-1.8513793038593753
-1.4525258441225257
1.2961019630407593
-0.0404357383552057
1.024732955683306
-0.5365904180599893
1.2335216258297312
-3.6147742212553586
1.88402994904259
-2.3752438005578944
2.2396937901092873
-2.046268160289835
0.6966490257585294
-0.634230220036824
2.339758272714195
-2.9704890864935347
1.6707781916930808
-2.007951600824044
-0.27500027671197114
0.2797918801529345
4.564126665675571
0.44189051302644866
-1.7137214205192162
0.7224430908742807
5.329615722172448
-1.6049901509992284
-2.873970250605947
1.7715624810859716
3.524225242868228
-2.6446939996842045
3.8990932838913475
0.6729923084391938
-0.6195575908484356
1.4338611357671862
1.9269820464971543
-3.0089655592300844
-1.738171080030274
-4.486423941292969
-0.8268868655465885
1.6950489247003793
-3.015598023226578
-0.48885988259646307
4.204923022460534
-3.173878726335196
1.9240280902988
1.0
1.0
1.0
1.0
6.096858953366323
-2.9142475388915345
-2.378346702772201
-1.983907513515162
4.403622625656151
3.9519177657933486
-3.6306273096476627
-2.6694807572149166