-3.4296069064593047
3.2398906753975663
-1.9332076839709567
1.2489418258802236
-7.966964100595684
-1.1059125868150512
-5.586998003032851
-4.708983190290455
2.2365650398641814
3.676479072915911
0.5041816760306299
-4.759640210307853
-0.3591888790670549
-5.176248311597347
1.0998590180586265
-2.0449710593098205
-6.551395737320716
1.350873500242094
1.2419670849758204
2.7554409021366766
-2.938271495955016
-2.9786557655750387
-8.825203568614128
6.34450788087003
1.0966424146094023
3.5043108090434685
0.12388896738924482
5.6197426736279015
-3.4784154909069493
3.8282937111935347
1.6738651404326332
1.7960392511391805
2.6149903334510385
-3.3946590068822626
-3.47000648280737
2.2791173552832182
-3.247458817610415
-2.2040754335566977
-9.562134592459726
3.6831529784312864
-4.277494873241954
-2.8011445047442236
-1.0221861036549094
5.111317579060099
-0.06779225685278134
5.558551742789816
-3.736524537011287
-1.6473430156860132
5.898832848520355
3.743154283979612
3.0983755808289137
-0.06187979580441633
0.752913518895123
-1.7724739943658836
-2.474646239939597
-1.6084559230561246
6.043978904133417
-1.5228977355927809
-1.5190199389235248
0.6835888079815854
1.0
1.0
1.0
1.0
4.272864142110165
5.16322461437275
-4.5625790336369265
-3.8422256573655447
4.926491767704546
4.6353746429871014
-12.130396501120003
-4.862807514307474