0.5101930899652978
1.1360312999706075
-0.2756723218987732
0.35576285065332347
0.30612537118388855
0.0712922430801941
-1.8246908452571295
0.1102373887569703
0.13749181106437358
1.441789964598728
-2.2492982385435276
-0.40822755240421743
-2.3930909863343213
-1.3027770592550778
-0.40993301979172103
-0.7982219853589755
-0.9701793011855635
1.173492114438257
-1.2656076078141338
0.69465540959054
-1.3469980301786981
3.352362504983074
1.3676576535636387
-0.5119738029454107
0.07557282820990652
1.36812033652233
0.9359528115556734
1.668778138762356
-1.1354446530647133
1.1692021480999966
2.813740149885678
-0.10526788196733106
-1.2725317737408632
0.6242959650463633
-0.062322482460585915
0.658012853086522
-2.0313959752756037
1.6653650863236737
-2.591986806956795
-0.5280164886417315
-0.786491828530617
1.265364200191754
1.3011532225103477
-0.6920752050578494
1.6260125165028951
2.6625037972552654
1.7014735717428706
1.386002120026232
-1.4419673191592008
-2.7180545851633444
-3.6575861951911297
2.193124310834779
0.788882341025939
-0.21413587582380922
0.3342568035457413
4.070962223777467
-1.6853325213276595
-0.19325001505452843
-2.025310572913019
1.7691461427055062
1.0
1.0
1.0
1.0
-1.6880174035260855
-2.5914408758068594
0.5170007873208881
2.874214817954851
-2.5332286473021823
-1.9238800123683273
1.3908831300408544
1.4272165599211923