-1.7116962989203708
1.0402212493489766
-0.7886549467174098
0.7280620790031799
-1.4086441157161023
0.11425533621561651
0.19334465700446396
1.2979228084225651
1.7640203970329185
0.1402517716344211
1.171986128214564
2.762460736395282
-2.226542070245708
1.8275085498190387
-1.5165320034931749
-1.863776565768048
-1.3869392169712194
-1.1139545807399502
0.6442490965238851
4.231718221269682
-0.7030540126308792
2.0293779751996093
-2.2055575484320857
0.7647488886397984
0.7111900170800738
2.58440467694893
-1.0488929821882327
-0.9697858410540102
-0.10741074109143503
1.9974639138891783
0.37960829384987427
0.37469581933134727
-1.4489039182060985
0.5992285122284139
-2.1411737074707693
0.7701008248380968
2.8445015916491245
1.8753317204648174
2.232731422620663
4.832535851986422
-0.8168526206049201
0.2670918319434963
-1.0626310108392032
1.4567096350664892
-0.18033079388160367
3.941979912156133
0.21895945141063594
-0.886201106126712
1.399619272134295
-0.17412699485726435
-0.7677782845006802
0.2503125623561512
-2.60918582181113
-0.40699277416237933
-0.37142744034988334
1.5602340617799513
0.2612794021412076
-1.360910307346201
-1.7245988966283032
3.0401119672525545
1.0
1.0
1.0
1.0
-4.8340583287328025
-3.5387887545711507
1.0545558066640899
-0.12379273642934252
-0.7293244313127337
-4.916274204217612
3.2768921241555433
2.411653651695876