-0.4254345220108917
1.002878848160693
-0.12405244713639768
-0.15801448839647447
0.10445667121308444
1.5480753798243294
-0.7380197085241937
0.34886572035393665
0.42477905596825416
1.4566255987869268
-2.6362926694102544
0.0711823675505821
-0.6830102252219865
-0.805993552295067
-0.29742253919282624
-0.5447572611245188
-0.7415273898838475
2.856645653906413
-0.23699272773201763
1.2265357878856407
-1.2674142530090802
3.284414137087655
0.5872574649480217
-1.142589737834255
-1.1782121902855414
1.8811156312944681
1.2996307089076242
1.5158364294823068
-1.0810853053697465
2.1281041432612566
1.822261105456953
-0.18823540781691206
-1.3682117201270045
2.3797899872620367
-0.7558250174039675
-0.3645372583398032
-0.7851760350188699
1.2998290408189384
-1.9149957957884949
-1.4783237706113357
-0.8491100487753117
1.4987597553824696
0.03318891668890955
-1.4330252318169887
1.2322471146452818
1.1660978557546493
0.8736157391725327
1.178366394943286
-0.3052089368008919
-1.2152275771193832
-2.8050807121224652
2.4796494458705203
0.4642438132709194
-1.4691182656230954
0.5406478365665428
2.788013179834475
-0.4458969926999339
0.31727731946414284
-2.307737715068381
1.332321119353511
1.0
1.0
1.0
1.0
-2.1968613010378713
-2.0128362585804678
-0.5928327186729766
3.1731725733144374
-0.238457636045321
-2.121022028535733
0.8656433399562937
2.182157390761309