-1.5634675774780344
0.960942586672469
0.28601581050344344
1.7100523685597824
-1.2671121916043273
-0.776050248116158
-1.0037010513152398
1.4903526874365443
-2.0787680282776804
-0.4341108062688566
-4.428640433573863
0.5611297074192942
-0.2622079568384077
1.3788893115454932
-2.48571543869433
-2.7640819781886847
-2.1834969101170287
1.7025364413380637
0.1150962085877095
0.8404657898903165
-0.21658479532690028
0.7830942396678549
-3.964609159575576
1.9548277943825212
-1.6504562457142935
2.9892004328475728
-2.085087914163482
-0.0711706918673553
-1.5013429333573591
3.2769327181844803
-1.932710840665618
2.351346749610161
-1.7220728011621642
-0.6300578563641978
0.20743346390969264
3.812833682716958
-0.5850278120603688
-1.4430493095998342
0.485786197065766
5.3801489141642325
-1.3316031752319606
-1.8535143501543279
0.97522134225662
1.4765243980298774
-0.8569430259594271
3.631104508137155
-0.12103881351642243
-0.7300279102892324
1.3611899250967945
2.140528094760656
-3.2482856589812847
-1.8427092793998971
-3.915332073756322
-0.19104009317835635
0.3413813560316227
-3.664831255273026
-1.3704304427463616
4.289179105973748
-3.2926450419720954
1.0617569926926835
1.0
1.0
1.0
1.0
5.326251250020095
-3.4332543837617053
-1.653028845762912
-1.4840678911230185
4.616865023884714
3.924942325044313
-2.2010598419296246
-1.9586749930633225