-2.1220179362389895
1.1144165558481456
-0.1453009295173602
0.9730672674830092
0.2720525797724838
-1.6039489365150836
-1.1560478249622237
2.41047361963355
-2.3151218711104677
-0.32887442914209347
-3.5529963699693097
1.124300151335121
-0.961218472875834
1.283508914253569
-1.6393798370633599
-1.3524190364614692
-1.7703011131201283
2.112534770826535
-0.7897062755171571
2.6086814074593025
-1.2662539728170183
-0.6287765876319754
-4.685860864291467
1.8555239511097645
-1.4220656134813245
3.030866466599061
-2.756705553907801
-0.7889935632831684
0.16153438764020078
4.334489305971198
-3.048547478976222
2.1689649005477065
-1.3074125746371612
-0.040713599599080164
0.4554531636656289
3.574737171624906
-0.6272789026546775
-0.7016630871984225
1.4156614590559145
3.5591488400261975
-2.211652440701454
-2.5568742925137875
1.8028053699543045
3.693074011496428
-2.7743761335495525
5.18544686997574
-0.8869615923667993
-0.9406342423334667
1.7417132196650982
0.8297196951643842
-2.1415766730459334
-1.1773538874931873
-2.6959428283002813
0.25801401401773133
-0.4935496285692609
-2.044479001641279
0.016554520158415575
3.427084125096671
-2.2880998749548978
2.477957813368892
1.0
1.0
1.0
1.0
6.068431792170902
-2.904993291873709
-1.8391310754547294
-1.38739299978133
2.6659174693726895
2.5172881427428297
-3.4264823226320003
-2.8783375955753794