-2.28262945204233
2.036218270654347
-0.09538262903941225
0.9958795285649582
-0.6257662539964944
0.4617690624462659
-0.0406564897843259
1.6943542080109886
0.3558815424348856
1.6197897639079055
2.19178656570593
2.7451168230995515
-3.205861798568625
0.7420540184147445
-1.7445841069128531
-2.2243850709557473
-0.6475395573468169
0.2537832000791726
1.3571034851264527
3.210602188104562
-2.1449314556844445
0.5721610879438686
-3.3644623810392957
-0.4537417251482292
0.4434937543168491
3.021845265768794
-0.4658972693087423
-0.41872344022565533
-0.3306965595373652
1.4315311544595308
1.5060774193540492
0.966912543737208
-2.2298462049116514
-1.1200011466137965
-1.2354051150504872
-0.8277698118420465
1.6205022007193355
1.9298502332886598
0.8994494653917835
4.462387344507682
-0.8580013845974811
1.084639750202221
-0.8218893341341025
2.62649600827101
0.6583309584175212
4.087896221524674
-1.2226856254234564
-0.016189684390444214
0.6571393247160762
0.7751669716026468
-1.355245338091426
0.18350556881933688
-2.3315762166712397
-0.9008415138408675
-1.3277532733565935
1.7378163844725463
0.3254894223356648
-1.9189017639201513
-1.160717881126935
1.1441770868550276
1.0
1.0
1.0
1.0
-3.6025900632699885
-2.9564669391479916
1.7530373205155714
-0.2727074363387819
-0.48794005153461567
-3.8487358893702166
2.244797447297156
2.4356799448290802