-2.6513786997402535
-0.0783097151832961
0.7524045581741345
1.9585925770225463
-1.3701878544118065
-1.0680262471322226
-1.5915763943008407
1.5480559981213695
-1.9266972346100955
-0.19224832542713718
-5.071010750264689
1.3157273811196952
-1.5722106264699969
1.670973698703134
-3.1487214909340597
-2.0762813172663184
-0.7585059593741481
-0.040577664727877716
-0.11198732537074024
1.033687082367589
-0.388228237595608
1.7633841428592183
-3.559016010844276
2.5051153209776578
-1.158138959536757
2.8697843498456788
-2.070467254942248
-0.892847600576371
-1.0917786712731812
2.450164713958235
-1.0188437410111244
0.9410020764547774
-1.245254692143424
-0.03616723553401324
1.4539155817584306
5.086807389307571
0.1711708901159199
-0.5937873599430242
0.5730523639612568
3.8523700688739635
-1.2491944949004017
-1.3973743059337458
1.7159605629547052
3.7881007365656996
-2.571821470830718
5.529095374336861
-0.885673190608464
0.41661276631216326
2.167294637026475
2.1146095324921426
-3.595445840180243
-1.4606290919355562
-3.580785608766917
1.1350396510228613
1.3941440055451677
-4.223540539679861
-0.8866244948780667
3.638962445544544
-3.3318223044592283
1.9134325644090284
1.0
1.0
1.0
1.0
5.6908060612728475
-3.730794068335487
-1.7463675739393283
-1.5884354917879149
3.8748595086551685
4.921153533797469
-2.933180001160894
-4.224168942198129