-1.293573470987275
2.8667073885945564
-1.2473939508898013
0.572096626989196
-2.552111813640525
1.2257507164511776
-0.4497449285505874
1.5034407302301112
-0.7305052296628691
3.497888588923063
0.5137328950036399
0.03520011474949863
2.912362211562138
0.036548396737150546
2.8153502458896367
-0.4367778971560151
-2.7078900105625956
-0.5460202357638444
-0.4557364492405186
-0.09618346575507153
-2.090165018242805
1.3222433979979065
-1.8613670254382588
-0.2577300712767451
-3.160726748346658
2.1839637963170095
-1.4927048679176307
-3.094944497479505
0.4287528471954327
-1.2782038648506044
-0.741901050282092
-4.480649006791094
-2.2364068590743953
-0.23778188286105517
-1.0274625627163552
-1.0318236996201804
-1.7404870642759918
1.9678473734978514
-2.0154075285724447
1.9732889381882979
-2.2713020977646785
2.185385798236976
-2.351687578326448
2.49620834266866
-1.387315311357249
1.7578135835439563
-0.832179614979974
2.199962066173713
0.8241464705268942
-1.2524495014480226
0.8089335568940376
0.31960313436184334
1.0415541655042857
0.9201652214290084
1.3788867285220192
3.963825409165829
-0.5217724082179475
-1.4093940192219794
1.2083163579876208
2.402416296652841
1.0
1.0
1.0
1.0
-1.9357467773619759
-0.7881329400993171
2.0285834446583015
1.793893638933212
-2.3448027489671444
-2.3594246521752122
2.7435087126018645
2.2047018156520055