-0.22918310362248406
0.2570975336072918
-0.16745276075065907
0.229039969585202
-1.3566231559658062
-2.0502184163135078
0.30541611647914013
1.8393273738448552
1.120636335697399
0.8576412567108307
-0.03363388446403559
3.574631480622946
-1.4348455252507715
1.6283835237506528
-1.6261196229819874
-3.173243428127076
-0.05723656052637316
0.8816007796058112
-0.0048986942666056355
3.161095005014263
-1.3447923350809385
2.722087333527222
-1.041808002855817
0.6344808697454243
-0.5951601511880462
0.35493079640681513
-0.3543322102292771
-1.2832284958390034
0.4754212691403421
2.2145961989714187
-0.3726273436729125
0.8359209930628515
-2.3596169578348363
0.318465223973325
-1.0318370597695086
1.2946175668452462
2.9435089111640327
1.1615207191505874
1.1834226207669478
4.018320856355087
-0.5951523557476682
0.5105416159023403
-0.7699346077716054
1.229483720380966
1.3186958351704436
2.401879739070859
-0.014504764150268093
-1.1466805767043258
1.4857339790967858
-0.13093107888651337
-1.8004096172379032
0.13678285797765394
-2.4654981197742805
-1.0307963980091146
-0.4068922179372088
0.2765991765685134
-0.4074818205048516
-1.7332305209579917
-0.039972730882847474
1.7027746141258344
1.0
1.0
1.0
1.0
-4.23918168432925
-2.105704050115957
0.818821673747012
-0.3122506730437431
-1.0082354425343825
-4.29978416612947
2.111093868507181
2.1243130173050484