-3.904398888627278
3.0415207317164015
-2.6568899690465058
1.6245905864963863
-7.801023615078009
-2.3010586581008887
-3.3064442590001804
-2.989876491175617
1.07459722167578
3.9857532035815724
-0.10640599044720117
-5.406987332771857
-2.841787594232112
-5.035794506944161
1.2096150007697124
-1.2574253039327434
-6.246251484126325
1.2243589191982964
2.180034344312416
2.477592861187989
-2.05184878664289
-1.649652085963365
-8.495510936904596
6.129410343486362
1.95496123378091
5.642655093186318
-1.7767411301139713
5.167531004213123
-4.797376489823
5.638287376037372
0.5855609787432783
1.198204473613158
2.5469581968681227
-2.03229450869905
-5.784070550296445
2.793061983945486
-1.7707502788394676
-2.4079490512509936
-8.670009962965272
2.8303294150103087
-2.599112689511781
-2.2917689548216105
1.6676142838254147
5.195265133148789
-2.6586599797918735
6.165171395139612
-3.9454755958301684
-1.3524380229386208
6.235933007371722
4.076696649319221
3.2345292073204623
-0.26895378939493936
2.068710273231796
-2.045588424175308
-3.577663745428456
-3.096683798743156
6.973477969699908
-2.116338833449599
-0.8679707065541897
-0.2579858961956848
1.0
1.0
1.0
1.0
5.504292198982194
3.3147603918265096
-4.161647290493127
-2.209213916208716
4.708066279841909
6.730518672697734
-10.97204186605613
-4.5869746912595595