-1.7681261666810246
2.9658415102129725
-5.571153492619607
0.042947861412061306
-9.092634764130986
-2.221191958268501
-3.237626039317654
-2.287092293537626
2.594411371791362
2.3970615663745787
0.9106310800750756
-5.1120449765479155
-0.013423025546397405
-5.641141397579392
-0.000936391043583007
-1.2588523547246848
-5.661931567785257
0.9268318469857888
2.468293460571579
3.3361735356756417
-1.363426604713171
-0.7153673720078003
-7.191587274895836
5.451462550196071
3.489367407712596
5.99044002909506
-0.6207580420109153
6.219452155730803
-6.584796527911047
5.112694954948779
1.6060966307956264
2.390233668687788
3.3093579870197805
-0.7103191725598663
-4.3715663020503825
4.697480192922817
-2.0456150623269327
-1.4164660271304257
-10.326687906111756
1.929750528582149
-3.2594385934143215
-0.8206366215294438
-0.3345223507866524
6.0580277153874675
-2.823261113429357
5.78635055295472
-4.011147904908557
-0.04973007403984164
7.471107510060374
1.6908299435977663
1.5088815320490718
-0.8355570695949854
1.9222096272214155
-0.9784564087276082
-2.0457833992099164
-3.350154104466219
5.680940271004706
-2.9251321393565117
-1.7957431966368214
0.8243019656541352
1.0
1.0
1.0
1.0
3.4833172184461594
5.667441890024652
-4.615941697509481
-1.8546970853649594
3.428229474177857
4.80935715284132
-11.744841469738414
-4.604847338365863