-0.691469810041112
0.7525715102641535
-0.14209927739094458
0.08938757043910744
0.920116463121547
1.6675681542550698
-2.7019723546151657
-0.2406318077464643
1.3143715738094988
0.4934620740021246
-2.9930862340135507
-0.08218182217031703
-1.6590140773601716
-1.3004646262579327
0.2791930634451055
-0.19204657397201244
-0.280778011235936
2.3660504741137727
-1.7583490544718154
1.6910231208102355
-2.0780172527848917
2.105283388152702
0.44505244098929075
-1.9249696174300237
0.09871366029118067
1.3406993838925718
0.48957435957262396
1.8479305465390259
-1.1982417782015793
1.264924570836483
1.273128594446709
-1.2015593820699402
-1.1666355145991971
2.1087954146946215
-0.5936945065383692
-0.5861985461873543
-0.14913237158417925
0.962929348644384
-0.6686277837024514
0.6530719837716897
-0.6265206560018727
1.145040128525199
1.0526821820500731
-0.30936300700564445
1.4825480125073915
2.358936261029453
1.331549066680025
0.9872922124030012
-1.0610336760558647
-2.12916020985984
-3.0953794903014686
2.8793938557724923
-0.16411470197171113
-1.375278377092922
-0.20163662379438665
2.3060080634672526
-1.4179269089043471
0.23452863776238342
-1.1347421348606597
0.6701576278572785
1.0
1.0
1.0
1.0
-2.831030074740503
-2.270278691071279
0.8104037089060844
3.1077305279145175
-1.7487337657537125
-2.284832507133116
1.3334330071537113
1.2768956152714992