-0.9641087075789299
0.8939908080386851
-0.3580385441107117
0.8181424543807395
-0.07832005358541133
-0.5228402430213183
-0.32135224547570646
1.9491344372790007
-3.0748282163887013
0.3235685645002335
-3.883906864425718
1.6868184719796453
-0.641870501683764
1.6522676595522772
-3.0249335080406348
-2.4250123096535248
-1.549248930511551
1.529376146879404
0.42424533612777515
1.9514585870108503
-0.3158074628045397
0.4690522771292146
-3.5019986344001794
0.35871569746648824
-2.8015492768003423
3.103783635645055
-3.168053786809497
-0.18580168348680126
0.4393557488336274
2.577758029815624
-0.9832831850491922
1.8615017655158828
-2.6102239426512237
-0.12160846673124837
0.18326512017855123
6.048314007317179
-1.2149858975652834
-1.2636552056114052
0.677765082063259
4.2851667284551205
-2.1798373528445563
-3.8045479113321137
0.058727968386648954
3.257046871704546
-1.870128428378094
3.4218482662884155
-0.8795578774867839
-0.11055704321195778
2.487829535969028
0.45113934491501373
-2.3320543449557722
-1.4139510281826388
-3.8899019076354953
-0.1965351139158652
-0.3811596612835031
-2.1010639945305476
-0.021347400433368136
4.7526764898381675
-2.847585451679227
2.753513101580252
1.0
1.0
1.0
1.0
3.8013874511917356
-3.588715446817191
-2.364937170080874
-0.5108774390097084
3.525059417369274
3.037313226231482
-2.794623491190225
-2.730137225117757