-2.6114981156520627
1.3383505316984181
-0.06972047385861191
-0.35207704588593036
-0.31296317394926776
0.09755509391574879
-0.9484262288716732
0.2905782797092986
-0.725253363767044
2.5948864269857697
2.166943450035547
1.2380327601455474
-2.659696563483651
3.7371188025008992
-0.039498724514318295
-1.347622317522907
-1.2475714636108306
0.6302566772945539
-1.6043341120668946
-0.012290267428759633
-2.3969027983172047
2.7625679832561456
-1.7440998959529364
0.5959819054499484
-1.3283592411838514
1.4356360717350807
1.34841725643862
0.03320195665237452
-0.8015036096653834
-0.4124346318512279
-0.6591870245397058
-0.4761985549329758
0.7905706731467647
0.5480477938012208
-0.9037104232227853
1.56722336784699
-2.2979986913272348
3.013772975675702
-0.8232962019568283
1.0610031091435104
-1.3601563459519985
-0.2662064212071731
-1.4688307160665748
0.33228372541315465
-0.5344680264218151
2.360802617156204
1.4196978935530016
0.12311030760823416
-0.4619493800759219
-1.3326271152906435
-1.464148069144986
-0.7269158132586332
0.5868679426683489
1.4131762132386934
-1.5130521277760374
2.623146925381679
-1.5659829705959039
-0.11117162347375657
-1.5543019586811937
3.1800221707036593
1.0
1.0
1.0
1.0
-0.6202208634885491
-1.8750639535321132
2.2905256443444704
2.6760662188170667
-4.514129831149967
-3.235049665435087
-1.8350471995903324
1.4348906773829337