-2.579035912550284
2.7749874181196112
-3.5275053154410463
0.008816518092514825
-7.6012839497076135
-2.1932154064278535
-5.8040581627138055
-3.2577634021504807
3.10014868394706
3.5996890824339607
-0.27445064572940137
-4.559147881715306
-1.2917178853624678
-5.114325461239629
0.8374075085382235
-0.7427831082943018
-7.1362240143676186
2.628588860450227
2.4569440273228214
4.055741164086338
-2.632886161714853
1.21484671496778
-7.611553251920539
6.257791787197347
2.1042581770042976
6.958282600809818
0.05441723070110527
6.060230534384603
-4.023699179984027
5.296252902525232
1.5197762616912092
0.8652457678390683
0.6312761859518281
-1.8028046898106769
-4.913916078575175
3.538414722506423
-2.899391810555858
-2.4873732554316823
-8.553184769062046
2.8979597193309203
-2.4992705588005695
-2.9555372101029382
0.6206174526306554
4.435321981212381
0.2318160895865815
4.8550131321259435
-3.8189560604697506
-2.17324040354657
6.996010326752185
2.6258298240414906
2.358680694643904
-0.15596234514352142
3.4589563146322853
-0.3961586568779619
-3.0958494440103337
-1.9699065625980834
6.277861364676842
-3.4783852263055035
-1.9514536857253226
0.6338384933850415
1.0
1.0
1.0
1.0
3.4959565268248074
4.186337890322208
-4.246655636330106
-1.3413297052952726
4.663741163300606
6.346138553168802
-12.43514382773701
-5.528852939543092