-0.16432502562875553
1.5605926632005844
-0.03157531901940762
0.8800186469794151
-1.7860776907227938
1.0903396879445684
0.7907641228786867
2.3745449093655546
-0.8030069803812241
3.0358327903506632
-0.767695351197552
-0.5268038579343451
1.919922016015486
-0.6793654535162466
2.613286232604195
0.5299966282807744
-1.9747170288990272
0.2958302134038726
-2.2673751221105065
1.0190139596705294
-1.7932259848397154
0.9578777647748115
-1.587766552736198
-0.9343876731131757
-2.7255766006833544
2.1466618349440534
-0.5665332761592883
-2.7089024858127173
-0.14457828787375088
-2.0514612780270967
1.0708532671524087
-4.265956878948475
-1.899469296998339
0.6356289919647904
-0.23261428261882
0.6173160713275627
-1.3255214694887962
3.0242025772705015
-2.333847524419623
1.198029722477143
-1.7800773604579723
3.207545995254237
-1.6139651643014905
1.6501578326235542
-1.7214359384593276
1.6341451418823554
-0.8180067451368644
1.5296496103805826
-0.08843554468519033
-2.013367696429495
0.208075472079286
-0.6232969017853817
0.6934097866682789
1.1015609039477279
1.06719956455846
3.9042691127871243
-1.2054307961464015
-0.850750690735237
-0.27903562474262544
3.2505238932587304
1.0
1.0
1.0
1.0
-3.349509529584498
-2.589324381479308
2.0506265757861146
3.367021148892588
-1.5247906054711884
-0.681887666380258
1.803990658339016
1.5225557090466775