-3.5759810345765137
-0.3390613900334277
-7.724014673254173
1.2990225366022012
1.9054946139608009
2.858490654941608
2.0976884815556067
6.231518397984423
1.2959558239576485
2.6530042003822207
-4.384116191703709
3.188123049369933
2.1101203057431244
3.249380674243662
-0.09359682929839852
1.9427553785528544
-2.9669451961106024
4.278996005022607
2.6210280279156644
3.7122621011373753
-3.989333075691024
-2.418103066629594
-2.323660081532108
0.027722773925877187
-6.94318349087855
-2.1284076754579204
0.5763555906428761
3.853128265343032
2.483605636067854
5.691128500436534
-1.279584993701857
-1.2538870183047293
-4.092209776094015
2.8297479042644302
-4.029892467737352
-1.067941975639791
-3.436570361722481
5.636558439755412
0.7950587427008793
7.069471461755525
-0.3681645254329724
-0.5128913155071189
-4.140938418357568
-0.2854428605131878
-4.703275007482454
1.3270697548679082
-1.0844702246012758
-3.7064763786511836
-0.5410865206956071
-2.644114909308561
1.1874929965319259
6.0402465404035555
-0.9694737276595148
0.8751259636297785
-1.8293270375026653
3.855420114398767
1.8076546163640959
4.098026674240002
-2.8843710928331547
5.998256928513998
1.0
1.0
1.0
1.0
3.806001629153521
5.595331933616094
-5.8299782017753845
-4.76400068871642
4.6110788716642235
2.84858156457982
-3.3492149434125196
-4.513097427773369