-0.26119369707626516
1.579316601552481
0.5598944049953234
0.37386056973880777
0.1257592152804805
0.9678099514473812
-2.33947747159785
0.5972277515471394
0.5273669543143259
0.5111384731921359
-2.5953416382248844
1.6590546441749148
-0.6318513962341952
-0.7726915105753145
0.04498463884017323
0.08582347377909046
-0.6885254626410358
1.4582146840136416
-1.7923670291908234
1.624018149161422
-0.8696260187852953
2.5610470452426743
0.3413385798885903
-1.7896657234675282
-0.8864654675697872
0.3293253039908597
0.8789831384928279
1.7054528540015867
-1.4982483262804411
1.175901881465306
0.5153256500275124
-0.13212423913819588
-2.019272366990824
1.5221256652131785
-0.798979582692283
0.10810625385456762
-1.0707024069069877
1.4110080134920988
-1.3974095191660536
0.4466392965057656
-1.2661046241955938
0.39300840364010026
0.293714129305919
-0.542073261757104
1.5257965626606453
2.375015780098846
1.006540548883287
0.7419969419299773
-0.23864584029663566
-2.7588843369704716
-2.1791171131355203
1.628472872980014
-0.12065326269020288
-1.1620437451723116
0.5664107697016012
2.4278701754100327
-0.550521337269636
-0.3877358543519213
-2.3026579079035234
2.119853969004682
1.0
1.0
1.0
1.0
-1.6701262801465804
-1.9651555459642747
0.5453284811957383
3.1372761010001864
-2.3737290338496293
-1.3570942862044855
1.2499044768077858
1.5713626992828704