0.8909586589440208
1.509608389710161
-0.06612293030811048
0.13276174821505338
-2.603897461896408
0.2600361356449652
-0.9579993499718782
3.4147442122129297
-0.4516864125296931
4.873489624180162
0.09000852722346303
0.5670285471696297
3.153995677688928
0.09088501324803694
2.9902328156380173
0.4791041591767101
-2.3848146032758093
-0.5544267065183417
-1.2926456967704156
1.0198914054771855
-1.8205275554174212
-0.1521992290331602
-2.5708836444632768
-1.6415228113068299
-2.353647656231656
1.3165285416351382
-1.3179117983117787
-1.8031077995532312
-0.12050152746277164
-2.137885424198176
-0.3606294076721075
-3.2462272773903056
-3.064590332364347
-0.1471032586671622
0.3278519341074144
0.6566836562481143
-1.091239464937051
3.673694076323613
-1.2680533432712306
1.4006499970408481
-2.3014944772244976
1.986683231128661
-3.499812131672304
2.011403571144886
-0.2680372525559417
2.5299800579047615
-0.3253633801582782
2.1104463676547582
0.5887878892983774
-2.3349549186781555
-1.3169126043242416
0.6130028781474579
0.2986548769208402
0.7046438692807773
-0.46615933643809304
3.793816037174214
-0.31064297773196436
-0.694112255347165
1.4202803831812392
3.2781363935705663
1.0
1.0
1.0
1.0
-1.0098990572380098
-1.9147995032866187
3.2991695480430727
3.2540417691748917
-1.2829284524856845
-0.660849677965621
1.6710923598303424
2.97146094877806