-1.9750726470199278
0.7173280525425211
0.8717516459395956
1.38416515905033
0.7089164252034748
-1.4950629359873544
-0.9018403754998241
1.0925564933194019
-1.644045793412408
-0.35681238407821714
-5.072654722687238
1.1173610146223965
-3.7149599987284985
1.740989353890067
-0.960289057969637
-1.8873730281314591
-1.7923196043262515
1.564648320935454
0.19413282957808753
1.9712041885604479
-0.7540743557931688
1.5617782206736794
-4.357149242012395
3.1701667577628374
-2.3279034848553413
3.9547136225136876
-1.575161874574651
0.2701854063949597
-0.4301099701990634
2.2811385486044173
-1.15206149313057
1.6323154939701359
-2.6070278435413146
-0.15821948178113598
-0.24421085290989802
5.069361977736334
-0.21946928259031606
-0.8275663184065833
0.20175875108021124
4.15616966972622
-1.752234459272668
-2.61455046632885
2.379405849675035
3.400015330686646
-2.458825750197836
5.133742429781346
-0.2379768329076909
-0.6705612842228992
1.5161994380894466
2.533485575441924
-3.3645648456131436
-1.0769131219105674
-2.0751592128749414
0.4141037091245231
1.466477366190678
-2.7892716171961442
-0.42581818003194066
5.437742997081796
-3.2198045013250356
3.397919087238906
1.0
1.0
1.0
1.0
4.2360181257833665
-4.665561240774858
-1.2711190164815442
-0.8060809967744585
3.6573491546855914
3.7548331682051694
-2.294117758040979
-2.6772283006278887