0.43621267582833567
1.992530535117169
-0.13477730632778046
0.8682632262104966
-1.928210923630864
1.2314296135476384
0.9408058529506945
0.8235434488640918
-1.0905522531640095
3.616262363113589
-0.5847019194512645
0.18541757590733415
1.5354404185664379
-0.5842892276185807
3.296957593151678
0.5776489733972839
-2.616926320740144
-0.9761087388429359
-0.7891028330987174
0.08308549558459283
-2.2593010543348897
0.7404673407702149
-1.3827279034347737
-1.772509511447244
-2.368580816829657
1.309537329277237
-1.842691646497312
-0.9504296597021205
0.07818117124042319
-1.6235687597511228
0.626358102838772
-3.974277130397314
-1.5388830302261665
-0.36026727363990196
-1.163841148221983
1.1094185143938127
-2.117143809952995
2.554510410029299
-2.814960111017001
2.4859233780766923
-2.730978938415419
3.1538697511573006
-2.717150459367117
0.054899528633204575
-1.3431570226498701
2.3692225743105397
-0.6697298509507748
2.6643047860207263
1.4389118376365657
-0.6882822219705058
0.07789067934234575
0.5299767395613624
1.8086736948809
2.9481175107584883
0.7840485439558265
3.8822086127314184
-1.3704224063524904
-1.041007021253058
-0.14439135903735778
3.321343181712205
1.0
1.0
1.0
1.0
-1.87770674908349
-1.3373114621776598
2.139485064634801
3.7399036802264396
-3.2795477555126578
-1.193851868863871
3.0038167751199247
2.239823539588216