-1.081198432336743
-1.4985958133062682
-7.532089181672828
2.09935087151767
1.4014898561630056
2.5750064561046155
0.9483937950136512
4.391218055163794
-1.4613831810454174
2.098991241663378
-3.09435111050044
2.1955606643435965
1.2446880174872765
2.444342288883518
-0.5441471224377199
1.4777004631810973
-3.6408712103402587
2.492522483506964
1.0321013621747874
2.6866168912937
-3.427071323961494
-1.9845715694702226
-1.0511022927145084
-0.9377103559449086
-5.006794151749149
-3.147561654111655
-1.5885159612693203
2.468630158723972
0.4040846010690509
6.9971718022073635
0.08900461991369624
-1.5389891269850107
-2.7477798297855593
3.3825655058338384
-3.3391346392634516
-0.28871144438296925
-3.2223564918264462
3.9916415358130886
-0.8950862350587371
4.856849125890272
1.574322990915714
-2.1087709547344087
-1.6604284451067244
1.1618784158332995
-2.7081724799630233
1.3729855962624924
-4.003551685411437
-2.395063991901027
-0.3318943130038789
-2.7803955403494554
0.9215535444340361
6.141955020008125
-0.30466813398021525
0.725079861266601
-0.32437416631950255
2.517040299190368
1.7934115149865952
3.3197300116576347
-1.7536980287157213
5.442001519755276
1.0
1.0
1.0
1.0
1.1937763882523675
5.214107688306342
-4.708096335493977
-4.439406300212071
3.603261982059383
2.572350252070133
-2.550232141964646
-3.756595800475452