-3.896673512717438
-0.35080396770646993
-7.507318831219879
-0.1258681738071224
1.227117057178946
3.436701232456749
1.7667688794477803
4.586793933732591
-1.5856030834382797
4.4158562788479365
-2.7737774230467345
2.5092536514131183
1.2200829568136864
2.3281531652515657
1.0248679264922043
0.09508752082385019
-2.637118142056126
3.7261511827523384
1.4989349125156015
4.847761314580219
-2.1668686405371753
-1.5222039445303504
-2.695257906253843
0.14152363080720937
-7.216998787818115
-0.8847358100362708
-1.1618240242754643
4.031265121268272
-0.5301406193243208
5.723022354631135
-0.37603403328860385
-1.9722056103819807
-6.126361477047711
0.5861253943584002
-4.932063937299759
-1.8224776957512177
-2.924328905578645
5.263472860928363
0.18604306365618067
5.401401082203552
1.3579960869097885
-2.689820897587029
-3.890328992252285
2.6884663909919237
-3.828645653271799
0.7616235765273479
-4.572859922010438
-2.1216881652973703
-0.9646799413901412
-3.780048601598504
0.8126096303606749
6.723536615204029
-1.4127094201433636
0.12047607477493516
1.010277326758721
1.1812892303536167
2.650602266571163
4.933946685605374
-1.799581438384651
4.390989367555788
1.0
1.0
1.0
1.0
3.2733185949245636
6.9172369164533185
-4.048228513183477
-2.6561551111037405
4.2790347156674144
3.386885603542641
-3.300381592139697
-6.14520357595024