-0.5160491403116352
1.8288587351944237
0.023184933667546093
1.2982065574340478
-2.0568053289029313
1.7520806316768316
-0.2494692754965473
3.301158752064679
-0.43397659047329196
3.195203823022385
-0.45573929232208343
0.5137125120764625
1.4858205997290046
0.4649629638150712
2.662909929926402
0.024840168160847664
-2.402851270603622
0.33876022326740834
-1.520599046716021
1.4302250113080066
-2.4137794436654882
2.159797140456365
-2.508676576746726
-1.522538737135564
-3.0948319697066893
-0.6684535032895607
-1.3331138534856877
-2.6755014865533577
-0.27788118659276
-2.2651178998333794
-0.8485987057430592
-2.0492887559177664
-2.378143076192643
-0.0655548441331108
-1.6405717086694138
-0.8954319003827789
-2.7470074541610394
3.181994782006558
-1.655163405175837
1.6961527393943037
-2.048445953966731
2.4273401245088264
-1.0284253995073596
2.020860792332746
-0.9854206453203234
1.6292916336511194
-0.8629446597146493
1.270189893620682
0.2821293299617093
-1.9458030239240676
-0.4464644872946064
-0.6530611137726616
0.4324273539041007
0.27743126206595903
0.09642367375986721
4.322890751346064
0.2882233693056029
0.40834318270780545
-0.7819587893376961
2.1183991805533386
1.0
1.0
1.0
1.0
-0.5430021735287485
-0.29505555586905996
2.7989783047447427
2.9586437821513893
-1.5248644225586083
-1.3579102466391042
2.525583354089372
2.766077808705404