-2.830249090032191
4.734179738488901
-3.7616054040447775
0.8386146710208315
-9.161757794646281
-1.0745488108125798
-5.2912217329237805
-4.493973876529528
1.1045188947695015
2.3805702687336314
1.1958956644545522
-5.372589949279129
-0.7627120837599533
-5.391837086142205
2.6852408304079454
-1.1090156219650882
-7.755093525480543
1.1711093689185228
1.1974431614208603
3.2668096840469723
-3.7500878497928065
0.3113255746788321
-8.565686060159269
7.674786808656959
0.865093571643941
6.533708069968644
0.5117071230533288
6.19925717824723
-3.8847641263904578
5.354606095246766
1.498982561602662
1.163893055306825
1.5382714699144242
-2.6860945467349593
-2.8680473316122304
3.9630857314447923
-3.180476528620328
-2.4117325018287596
-8.315641201184095
4.790354218056896
-3.4163983077527433
-3.626804936066347
-1.167836339081967
3.783217460043278
-1.7263721946114456
6.332939837027109
-1.3861933432323084
-1.9619751175348912
8.180959887345766
3.711572541476637
3.011758284905715
-0.17974096072728768
2.067354745593885
-0.5285014453494099
-4.162271665412179
-3.2009699697449703
6.743251321637991
-2.8199589399436875
-1.5805242942297548
0.5320247876979923
1.0
1.0
1.0
1.0
4.135872410461036
4.511328668332388
-6.2707677930525465
-3.876143128489826
5.569394902237724
6.862763428939112
-12.727671186887786
-5.157654762824065