0.978461912350746
0.3062737168250431
-0.576542288496068
-0.6320595453776766
0.7659575360739239
0.6773806563686618
-1.415195953032323
-0.449958673194558
0.053467149489792365
1.557185738534413
-3.231413514255341
-0.560552087714665
-0.5801954316686859
-1.0514954305559994
-0.2829995881002312
0.3216083775794486
-0.5625831812191944
1.49002408037633
-0.5590199111357324
2.165139595430171
-2.670859708775707
3.193352486527175
0.5229510039550094
-1.6602943621391693
-0.7651159082481964
1.301002964509569
0.7720511792493205
0.8076948480606786
-0.6324215859644603
1.173104072721011
2.1231355142642316
0.10011560653343032
-1.5950157657594373
2.253423068718395
-0.27172577209817217
-0.5557332492958469
-0.3708725028894718
2.654883556173714
-0.35175492577251655
-1.5009222746692923
-0.2684548786352632
1.073797876974132
0.8051660435893185
-1.309245695230471
1.462725241215169
1.7788839991779026
1.8689825992302374
0.7370361610852242
-0.2648807550772871
-3.477132797459048
-3.017904611525905
1.9862621599331622
0.012033918329000304
-1.5207561360757578
0.6840785214153999
2.6231146570258437
-2.0514233204343757
-0.10729681666517649
-1.5103344573200166
0.9890153211917896
1.0
1.0
1.0
1.0
-1.9992234329723586
-2.7536578922531696
-0.4577901057505952
3.2266103300560998
-2.292884061802123
-1.044283714692911
1.1404703884861278
2.001475030198615