-1.482537573872007
0.5696273394423157
0.007972987168057388
0.2130606793051465
-0.5028727815646422
-1.8232030625337412
0.556742109600622
2.4038726215741613
-2.186483364700253
0.38182591988750086
-4.472245313880788
1.4643055956182205
-2.3875363784738224
0.3542688301185757
-1.5724458333856417
-2.29432714139524
-2.20261212777657
1.6094656519443296
-0.23546142996421932
0.4628761677048311
0.4834854718565199
1.408153956246109
-4.344917379169727
1.4301638046988516
-1.1826941326976064
3.2250840669752243
-2.1964095196114317
-1.4436866830309227
-1.4343347298479987
2.9676259584506046
-1.5721888324659128
1.9682229303473395
-2.399803888348135
-0.2623362122579418
0.3688054531773609
4.561528063395993
0.5869193670347079
-0.7919190915726825
1.308237202736115
4.1896713403698485
-2.8398365030030996
-3.1833497255254484
0.2092283231568453
2.7296080298302114
-2.3931050086099526
4.064669788712929
-1.0468648341597355
0.1259050249529604
2.623212334672667
1.7259568134385717
-2.538729036327572
-1.3853010503150773
-3.321579263505934
0.6733279514809276
0.5523782118814435
-4.007655617553788
0.8916601426535423
3.770242545597859
-1.964108969807036
1.7545639079144084
1.0
1.0
1.0
1.0
4.576060811924331
-3.154261904477825
-1.808195936437447
0.3050418969575488
5.064330579838531
3.026950649090612
-2.0106272939268113
-2.4513092306525066