-0.6691865740742773
1.5656695000875704
1.3218509473665427
0.3108037036184541
-1.0010735450990427
1.0419408587400005
-0.0682779449688321
2.649796564614751
-0.5283534455977673
3.667757732664091
0.17711869385923584
0.2585771549373036
1.4206589492109765
0.5470439172910837
2.254538685527959
1.5438479188310108
-2.5426603878466993
-0.3532126766878669
-1.5391740960379727
0.9015070684034909
-1.463647447200151
1.6101096956763148
-2.165693457921983
-1.6135847084188213
-2.4705755016427853
1.3702714420959123
-1.0435209864990003
-2.6439745531146905
0.27704918483544505
-2.6537227889844126
0.5303492089650457
-3.369071402840447
-1.8486458577022078
-1.8832271181133562
-0.8415280421493176
0.8446888242089797
-2.039179659328267
2.2191446623518156
-1.6155659948904757
1.4618543985873356
-2.930696187099752
3.071650895849736
-1.241510030017717
2.9109919382633125
-1.1460861226078904
2.774197623325152
-0.2460141878146243
0.6361063397889396
0.7291369147586838
-0.9405333678155474
-0.29381267357408763
-0.4632957272652717
1.0696623347198817
2.3060850384709948
0.9884172521603344
4.591496396210521
-0.04847123253608876
-2.469878971451079
0.4462267891552375
3.0012558559413867
1.0
1.0
1.0
1.0
-0.6922928752788289
-0.5519527967018203
2.6750019876875486
3.8938591359514163
-0.729008103664786
-1.7000209916680142
2.4590004236802216
1.4304958820249627