0.01332906444382842
1.1152445395283568
-1.8326925369979383
0.04576513959603348
0.3332990507779372
0.31817991575910504
0.24366231215008272
0.5468790132512293
-1.2256003986168922
2.0525738172205514
2.3805546726347933
2.00555189776815
-3.1983166150926126
2.122270042723244
0.3786585794287289
-1.6654260206313412
-1.176240638756238
-0.7402063705823609
-1.4505897474118794
0.2214074583214658
-1.5101161138620334
2.0100187291167604
-1.854818002747709
-1.3899694916272405
-1.3367005003658374
2.1960973124946945
0.2347414916534321
0.0813753338033621
-0.05955810350106705
-1.0415093379505023
1.4173553160269798
-2.095010049544139
0.37187694162709495
-0.2433956201740054
-2.361076375113048
1.6452244205037947
-2.446874553353636
1.0583509176013766
-1.2815901494468445
0.2301147574583886
-1.4265559566199135
-0.5467568663425001
-2.412948189860523
2.738311465217885
-1.8891675595869972
2.5618801417093313
1.2999417696711442
-1.5582995206059782
-0.7719668684935712
-1.5219197458532085
-2.0579765632850284
-0.3460477019389199
2.035479340545294
-0.2576457793211977
-0.49784235916763075
4.3379920313988425
-2.4389896656304644
0.21683844225548232
-0.8706471321308443
1.889993183237042
1.0
1.0
1.0
1.0
0.1208662783617171
-2.3707320808399728
3.0782697816968905
1.4975809349657365
-3.710947946325763
-2.561436490923874
-0.3801106293431923
1.239193688341274