-1.6555094400782255
2.70712801387503
-2.971361993297438
0.7315326882391711
-8.727139741519162
-1.983540385458904
-5.365122790034797
-3.3068694449273544
2.1319086834342484
3.491315894474247
1.5258206419034908
-4.877901141520793
-2.210901696903546
-7.000310668494386
0.09517857663674123
1.0338936192299986
-7.336484052677965
0.8563186538182901
0.08422854056020035
2.353962310997212
-2.318078295237294
-0.44888694832607023
-9.176056835238608
6.048251496919906
3.163450545487145
5.818441181884765
-1.4521119629518755
3.9557587946851056
-4.354729132077539
3.759227161345799
2.162057800625648
-0.6181928238589508
3.0531623981487037
-4.08145747115603
-3.025285514110883
1.929099003891657
-3.231664647635171
-2.7168893033865067
-8.173553252556104
2.613439160380957
-3.6429951821117244
-2.021348417898886
1.2140164767263764
6.683232764200782
-0.5811114978397921
5.6321948421117725
-2.6162908432846264
-2.245566923369238
6.116076632838716
3.0983512557909156
1.6188385336165152
-0.5813183801394655
3.720323911081848
-1.6421895942091727
-2.9301096937905253
-2.8744873666298343
6.053658739740246
-2.8516540242739294
-1.7626165773335842
1.1765899751997067
1.0
1.0
1.0
1.0
4.6623677300713355
4.654924751955265
-4.594400876140037
-2.4767854921660795
4.642017892479577
5.305387945353669
-11.32714517406575
-4.478710075251159