-0.9767086931004413
2.0085888806893992
0.3910526502012043
1.539990142419012
-2.289251291092918
1.5132023609762466
0.08243903761549248
2.8968476461654658
0.19840654918838374
4.233060439681055
0.05679287341365591
-0.05574447265004201
1.964708152747443
0.9245937578271871
2.6436915629334603
0.7648958633827967
-1.9505456252482545
-0.044449419438461146
-2.457656114412432
-0.09864689056937403
-1.9103880968970202
2.209474961793867
-1.4621788048274853
-0.39170269532739277
-1.874309316638449
1.387370294229255
-1.9738364747346258
-1.8376173357422179
0.6910585388737405
-2.5242073220362267
-1.1378013395522069
-3.611420168778286
-2.6262405225727794
-1.8921912047000615
-0.5070683106386547
0.12183406456668555
-2.4974857745864076
2.7047722954902937
-2.644040979737246
0.5358713442178942
-0.9643037696406056
2.7891027001313695
-1.0794523881961866
1.4671853209782573
-0.7945613039374795
2.821922889053185
0.4040813842906419
1.7916562371310538
0.6391108753372888
-1.2056632749864438
-0.582815521479254
-0.4834891690661584
0.4419725953449073
0.7860709274222957
0.09983453015895155
3.415637557778445
0.11269605679443839
-1.23099394656909
-0.1786121131973616
3.1095102426052823
1.0
1.0
1.0
1.0
-1.455654727080347
-1.8005654674273264
3.575645017645111
4.123714884517498
-2.1337148024711485
-2.022442338318622
4.030250396788629
3.921800199982654