-2.259416344671474
3.845313460850016
-5.91456609083674
1.262612937838629
-8.10497709157225
-0.677470129393795
-5.081757720259533
-5.197292531564347
2.029035946898931
4.629647737015409
0.5299762861422874
-7.290370660748328
-0.4431717824992206
-6.527990563448132
1.1218079378704882
-1.005280096914745
-6.090489263176352
2.0668405900300755
3.317263912629552
4.367369339696291
-3.3954734734351986
-0.7018675434461323
-8.826939941444392
7.046588541945128
3.271482171931819
6.275566230767365
-0.15170743521266628
5.3811873387365035
-4.810462432868792
4.510572418393149
1.062999978747141
-0.06835164919874559
3.295045973747934
-3.46120228446451
-2.9920797527467604
2.860017112112756
-2.1611265082504274
-2.283121669464122
-8.45838698930315
4.039143539017855
-4.18594892323147
-3.370899166644641
-1.2738526727664237
3.6588273114784142
-0.5247191124293694
5.437559643126204
-4.082930444002601
-1.1801228314111687
8.45713015244344
3.9755493181371815
3.3884102528697246
0.8220633848908752
1.6845868702419906
-1.8566117698037972
-3.9936082874303493
-2.9076993485115614
7.638447478899876
-2.7144251556781502
-2.2657753428330367
0.10244039162360186
1.0
1.0
1.0
1.0
4.659538618730368
4.871917955404103
-1.6630310541569684
-4.0373685422701735
3.147705246998662
5.758569321243624
-11.341849957102717
-5.4608083524785425