-3.466622227840198
0.8684973570840614
-1.024009592680601
1.2239028425823297
-0.5384504032715386
-1.3613131104315648
-0.10386100537123497
2.4912405942049123
-2.551242247097403
-0.8401399777357839
-5.495800884159662
0.1701298116522254
-1.428515014925779
0.8246406527972651
-3.635126983666071
-1.3907479649441807
-1.1489765738588824
0.5923550719375338
0.16658592143131778
0.7277074770954431
-0.036536399147147125
1.2936480063077584
-3.9730775530052718
1.8510834342038704
-2.9330355583492365
3.1267396671595638
-3.1179104719848763
-0.9063517880167477
-0.6216505640049363
3.6437954415302833
-1.260973184836476
3.0983395810269965
-2.5900886332602266
0.36909761050857703
0.1644675162384027
4.214095607356565
-0.4867738153638861
-0.899215334577304
0.5544238040228493
4.610338463651646
-1.2113640569413333
-1.4732348009342788
0.3939949371593095
3.7106483568370776
-2.211107222925614
5.113391375760417
-0.5241905475349463
-0.14667903716330127
1.0038237655523032
0.6539343222138382
-3.0507245448614926
-1.3720268792751402
-3.327886540673824
1.6101018795875655
0.8831369396818908
-4.689522823766321
-0.7968754898135232
2.153483544606721
-3.58589577737129
0.8205103469827195
1.0
1.0
1.0
1.0
5.489960314855907
-4.0286641841383775
-0.7064674176606005
-1.2865055772415213
3.33737394407529
2.2819356532676105
-2.6602720428705333
-2.356122543459035