0.36609858223008235
0.9962088292751616
-0.3467044391280516
-1.2561308054280462
0.5687279826645059
0.16945261518239774
-1.2441596263670058
0.09528493292595507
0.6636005639501058
1.1826661188904515
-2.6475348218554973
-0.030930472282961755
-1.7599481532124375
-1.5341011878114557
0.6958876807485492
-0.05816007896593795
-0.36136231041711625
1.5595030191391337
-2.0382364515843987
1.9831216794473923
-2.020041426743562
2.9854453985215543
0.519321043720446
-1.6106443281109235
-0.20060790057570144
0.7852852868029607
1.5184434113758982
-0.300612328067817
-1.6463668589285294
1.5724234814187354
1.4827260424130537
-0.45698213886320915
-1.9841881506935035
1.1805120302140018
-0.5981972739631108
0.2430972315188812
-1.412207192818847
2.510975823118735
-1.376044691038201
0.02502525300691405
-0.3979143355886041
0.7762895417172164
0.34387128397140254
-1.7082549664116948
0.667567443299786
1.7018458208921419
0.9364770491558073
0.8043178603220318
0.3708263001547992
-2.0621977185048985
-2.174663169557589
1.746032091238305
-0.5726975768444984
-1.1837862948550668
-0.32075864556525785
2.8874401787092885
-0.799986135534898
0.37615447975618455
-2.3681993826905776
1.2470064796828595
1.0
1.0
1.0
1.0
-1.2553879143091788
-3.4655463992222946
-0.3993950820436985
2.7602821171305623
-0.6878931427087761
-1.3030813425122925
2.0849160375043176
1.8095877439462864