-1.0466416774976541
0.7162611062343021
-0.9870276033904888
-0.5793317786338624
-0.18880340170386506
0.05997685515044748
-1.8407328356500958
-0.03631340172951586
-1.0203247195477911
1.9238181731956019
1.9798661921110776
1.2737995506067876
-3.3697058107994025
1.942075224642348
-1.926474364364258
-2.6578985455165647
-2.222573135585398
1.6156566906229037
-0.3402027111005753
-1.3194291831649454
-1.532853066948189
2.7786440126172587
-1.9296382370956207
-0.028521620377217338
-1.0241864235450542
1.9390015372920966
1.1434479389912233
-0.5583262606931532
-1.7750601023171366
-1.300280781966331
0.4087488795736126
-0.4580547963159314
0.46164832796832567
-1.3829324709648083
-1.5780877182209854
2.353541771741873
-1.9020709148146246
2.4084332601613374
-1.0647266929489583
2.216447330838288
-2.3949452808337863
-0.669535675520742
-1.135969022937468
0.3952895844510217
-2.514983872869622
2.6875359803914236
1.4062185790790598
-0.5975264422063832
-0.5439134833529053
-1.4669846271236289
0.39821977699565947
-0.11643401720037694
0.3227338136435394
2.2503875511496876
-1.2083045240585997
3.7055258705742746
-1.7291711678537567
0.4865591168751768
-1.8218554117474084
1.5087307808089905
1.0
1.0
1.0
1.0
-0.6713702508342263
-3.2591153987784462
1.7650520879711655
1.2791754627165866
-4.0009315380073005
-3.0039768707903787
-0.282288502993134
2.2962444744659516