-3.200368167249377
-0.09706668591609097
-5.6940456711149485
0.28116541728244504
-0.62920995967095
3.0932256835865806
2.763975266456004
5.921066590564792
-2.0625406026499
3.2704492278201234
-3.4086698046427952
1.9617836684162249
0.01964578736180078
2.9934455718907724
-2.532868160388678
1.4236838941084167
-2.147803141005933
3.7359439589985035
-0.018645235471438593
2.4411469050764762
-2.5029227931253457
-2.52059975236103
-3.0088574203472316
-0.20176948337552952
-5.761636145158324
-1.263036278813436
-0.7444096175022892
3.1427718733122694
0.6041294741735517
4.385342511850629
1.0127317752904914
-1.7333573572391312
-3.93038239955494
0.6403342764443658
-3.9715164952496984
-1.4351399653107846
-3.475565321712062
4.553234623435554
1.0189978100746848
5.500494707455661
-0.2813805742676485
-3.171736198556111
-2.9066533820876304
2.279499166839561
-3.1146409694096335
0.6073592235536222
-2.157177151077951
-2.5469197257641527
-0.662998674852326
-5.258179415976719
0.15891503061303303
6.9401840331184665
-0.29597046325998255
1.1558568265858433
-1.649197037695219
2.5769999524385763
1.0854862053014624
4.326853231805676
-2.0234183691640726
4.719055184348964
1.0
1.0
1.0
1.0
2.0654419748671002
5.1979966232831805
-3.6214255207441086
-4.488859977489145
2.1022863701997974
2.233996051210742
-1.5946024518768651
-5.116077159133869