-2.0812007472082503
3.3132141146692096
-3.7158014892755213
0.377752678528928
-9.31305354065905
-1.3384900311014414
-3.802271547857792
-6.144089225764952
2.3252711766414715
2.3935147211260754
-0.19428952196341848
-6.585465135670639
-0.12202175555217054
-5.409228806997497
0.9346680381699833
-1.3466257334156029
-6.902935696035919
3.398969685947729
2.578260115199139
3.346979467238132
-2.670074788663692
-0.6564609658621814
-7.871965021971923
6.690185945478044
3.3784952206799668
4.448390876985667
-0.002260499522867776
6.4588970621002595
-5.301734145710779
4.190742062342246
1.8424817541491263
0.6921921436597039
1.5454746612858397
-2.0546261076979255
-3.541265732401807
2.5187152641919126
-2.7289603625264123
-0.7217866636748866
-8.713778800712939
3.1089074258192695
-3.223156135117658
-3.0615826839013276
0.8627558979501346
5.368306059886816
-2.450296052341627
5.490200107080911
-3.672731993512006
-1.4957037862141105
6.74559875939978
3.42975791994828
3.0758170551999586
-1.1783336348382631
-0.19699341910020385
-0.37558113189026954
-3.3872445320035105
-3.484581641832342
5.933274328717327
-2.1057201213718497
-2.7154553018779213
-1.066982144101603
1.0
1.0
1.0
1.0
3.391081933107417
5.075380083269421
-5.312595685538273
-2.8130755291522367
3.6881406488596244
4.967396857400246
-10.525869731719544
-5.662402642458817