-1.0312153238096078
0.7621551553474946
-0.533680463580017
-0.8759261875620289
0.13273179417979442
1.2464595932974118
-0.9046202403121184
0.053947882348634124
-1.3760882053053831
2.3035000117438016
1.5445056835897495
1.8085185370773913
-3.4349257488986034
4.013366275067246
0.27940175559037367
-1.547620699271031
-1.10282469236464
0.6204784499072022
-0.9636104438521486
-0.18546933336589333
-1.1053386677348003
3.6007036944703232
-1.8316783932235106
0.003547190361361696
-0.6707649117449825
2.0272850086152503
0.17667980957091767
-0.5752299352118144
-1.6972308536558531
-0.4185579244731573
0.36776583409069685
-1.2349018040328883
0.30903112669506855
0.9174704339785245
-0.14340126414094745
1.9191131768873513
-2.2932354085202573
2.234409330612554
-0.14518249888904466
0.909956772125977
-1.838984141173074
0.32320091676371787
-0.887129968981601
0.6062994560924194
-0.4743159722837178
4.133133699637208
0.025326941228837496
-1.2670120117336194
-1.5107656640329163
-1.3988583931905354
-1.1090394143196096
1.1464473833482458
0.9698911322168688
1.7226634795182123
-1.162196806412747
4.111658391724165
-2.6370300902265975
0.4539600856285237
-1.1205128777520883
1.586445958956975
1.0
1.0
1.0
1.0
0.4822305666702334
-2.248077088017167
4.223278458029434
2.4588580026870197
-3.5537166411717385
-3.7985543008529965
-2.3488997308957447
1.181515434136729