0.014157219821852945
1.3553513730104165
0.6942918363244243
1.2108020037177594
-1.6072059261457718
2.4972759845730104
-0.4223555873258897
2.401847496402092
-1.1413646790981453
2.9048542624807165
-0.3711696228846756
0.5415307926103909
1.9368466505678334
0.023862270553841436
3.13968040117044
0.8695837149824857
-2.088092165555112
0.048105551830166
-1.194452804272571
1.8118197482305156
-1.4966334004956332
-0.8243440367173105
-2.0706615722539916
-0.43050542554813764
-1.3837792043500063
1.772740069970619
-1.5580860423405403
-1.763223698367538
0.89321517043721
-2.3416341490775476
-1.066912826666527
-3.9363379391397793
-3.343152516504173
-0.3029759204895103
-1.0656583536203288
-0.686199558728232
-0.3740968993063989
3.0094438605100575
-1.9592919687209702
2.441629973099741
-1.855236431678373
2.80529970767335
-2.558870940073578
2.2329221841575215
0.6191548483704874
3.1718741898393286
-1.1937514445412827
3.146684326145302
1.4996727800913465
-1.3412029304143431
0.043365068218248655
-0.6597786406919695
1.1255441152459542
2.0079161156722556
-0.5684503900894047
3.3154334553348126
-1.128834651396623
-1.2739538918219804
0.6733656415797149
2.387822115657544
1.0
1.0
1.0
1.0
-1.5323292537213797
-0.23951362401151088
1.6724730188612984
3.631696685210081
-1.8332495620479776
-1.4451501356507
1.9703738635256678
1.97698919266244