0.006990315246323604
0.8142648970931676
0.5578116904364983
-0.6119095470111316
0.7818011041877733
1.0112095354405863
-2.3512252252621226
-0.9418976018512298
0.46599116145633196
1.0527369818216734
-1.9029957237710011
0.2525010343320235
-1.3851438323044345
-1.075535865774406
0.856752732631566
0.05809641193865263
-0.7830346060822195
2.055924177432359
-1.1112480057929732
1.7280042465531673
-2.279379723512612
2.850300954540239
-0.15500919617994208
-0.9230490828063154
-0.9249406439117042
1.351820541368694
1.0154412134115898
1.2842660527591363
-0.8580973832376534
0.7075431654394123
0.6097085841874516
-1.2045676305061175
-0.7701386640749687
1.4499508533454202
0.1303656169503512
-1.1741883057719493
-1.2233404457236743
1.0198390452234745
-1.5856612405874193
-0.3356110644049226
-0.41330269164056355
1.4158947475086332
0.5520455900837845
-0.8596262260792266
1.1412350471413026
1.524079042789535
0.6166443012256534
0.8385093475971019
1.3166231373831097
-2.156517526671241
-3.033615395067143
2.815659940616649
0.7076527237315108
-1.0137208226024843
-0.5916917983019438
2.1997530664578253
-2.8186515363635336
-0.33670968455786
-2.527585705949975
1.8393630965246115
1.0
1.0
1.0
1.0
-2.0355076417465794
-2.870840777274961
0.8349109107976115
2.3965517694908085
-1.5460663689442806
-0.9704150168907062
0.6934523096392854
2.612945357348219