-0.9494546697555548
1.6883360824571958
-0.5117704818488928
0.7800285513012662
-0.3744876452971294
0.4163857557892109
-0.09808745531310226
0.14840946095616858
-0.9368463616933073
1.4069177319480697
0.10130780884029367
2.099342060326087
-1.6718649746633336
1.212194557197048
-2.383791721491935
-1.9894446979095537
-1.665297958766106
1.7196083842770604
-0.5209785263110558
4.182909013763208
-1.834061419025387
1.4348516828842426
-2.7832821361698015
2.1292113679223528
-0.41737314153078303
2.0778849784692546
-0.9214811790888748
-0.5341768594183147
-0.008467501316014453
1.7805884269413628
1.1231346412920642
-0.29945005775213823
-0.9282911706095935
-0.4138074827965065
-2.2352302827958637
0.35010365507160385
2.0182819502312705
2.516176053370373
1.3967971052276638
4.672477434719815
-1.1293089563650582
0.011295366822214992
-0.3679087645237247
1.4968498469958562
0.39509208890938585
3.3358964551242503
-0.4961109759576589
-0.060015542918805065
0.8352087876233034
-0.6116808958013554
-0.48922808532307555
-0.10254931095917524
-1.2257754288901537
0.18577745142504598
-0.5419640126008252
0.6110462521264504
0.03898426815291256
-1.7176757279156756
-0.002059202923497594
2.1164720628295948
1.0
1.0
1.0
1.0
-3.356136320108895
-1.7583663252802517
1.155946191328466
0.9885670559820514
-1.233710399610866
-3.396749551680459
2.9689231571444914
2.9595413265096693