-0.9795201909969657
0.8437706255041428
-1.3646413556035872
0.5926404979885569
0.7439070350101791
2.626268519247013
-1.602014899736737
0.12245670284110384
1.5665976812588225
1.616292406356312
-1.7751195843007688
-0.07637072900207542
-1.461437923258844
-1.2954885437928585
-0.4783259379777004
-0.447253993042155
0.09594795370667808
1.5510569716308131
-2.040419235015103
1.025813889766812
-1.6604702206357838
3.221611121021618
-0.4773959615415754
-1.1793880438954218
-0.4498502824124857
0.15961188198862752
0.30118053663773287
1.163050272332692
-1.5934806929129592
1.3867976678074942
1.4159634577348634
-0.18366199576072484
-1.2255211986513013
1.5263441846560895
-0.4816819045466333
0.6489521637298786
-2.399076551277696
0.9638992768160524
-1.0825965290188329
0.1204166036308505
-1.098806450912838
0.9280564123414827
0.1728499773150018
-0.6037333552302697
0.7814547510879803
2.141509639747638
0.49009978398827214
-0.8418235663554953
0.6125491947521406
-2.0167169369900835
-3.478791459720446
3.3694907397408476
-0.7669076949719155
-1.1469057476573654
-0.6160590321800387
2.0241998179033587
-1.1219665272432262
0.21282157528778245
-2.93282949261791
1.3763195515376374
1.0
1.0
1.0
1.0
-1.5381504032626359
-2.3274922120213555
-0.3643287766691584
3.209455150990966
-0.9011286048370044
-1.7530924815686806
1.5996457267178017
2.321728177180378