-3.7673399788466493
1.0419319392896242
-7.433669145807847
0.39824638852303296
0.8585688798726117
2.4041225650321905
3.2421097182277165
5.62728955937005
-1.2877577539284322
3.9002587818625667
-3.483878253295345
1.9019057430317123
3.2284287824970734
3.6650982086731823
0.8967523655598661
2.249373750775143
-3.740178790111783
2.8530041757861158
1.360197612052764
3.30599634378144
-3.329458486235761
-1.3616942520942183
-3.93133434641938
-0.08604119911315494
-6.696021632384875
-1.3684376657116637
-1.1419743323266363
3.998270605659291
0.7256171875743732
7.162137585027445
-0.7035042558109564
-1.6005774457224966
-2.1177344730107626
1.606803702922904
-4.697119596439821
-1.2176768010917183
-2.69136666951815
5.041351789070797
-0.20764334743367718
5.080459659659079
0.49070922848606424
-1.6405895577904976
-3.753471091918181
0.2435285145934465
-3.6690437035210803
1.1450784879731206
-4.4590605221643695
-1.892667928195978
-0.45622958779899797
-3.836284362803579
1.1358180854223663
7.618357626732342
-0.630535906882846
-0.5501193345779346
-2.6802406932053424
3.337798278297847
1.759677970747747
2.242574605840391
-2.5551070444218564
6.052786577473501
1.0
1.0
1.0
1.0
0.9752827137920874
6.759185001973471
-5.547902717183171
-5.000805086929639
4.460218178000046
2.7718249119155556
-1.8927662763945123
-5.781589858518111