-0.27691720833461886
-0.07710207156234594
-0.07239503178871981
-0.19506775328503234
0.7032863852948044
1.1631782400932458
-2.599803319804413
0.3393956610954854
1.7865638474429186
0.7852357713065585
-2.6966409813826013
0.10486683353178769
-1.2159927739764635
-0.4812275668399344
-0.9467711911722582
-0.6147132267996005
-0.49297897816198105
2.265072046464167
-2.9364619052722825
1.3765625062448519
-1.9968992021192489
3.2424749288386434
-0.5937462548098565
-1.1287236031511672
-1.0692701791397763
1.0242928888254532
0.10044333807214778
1.6206660489232965
-0.1020029950142245
1.8426297476774105
1.811955224202113
-1.0322594729246979
-1.1140824634745834
1.2598782941959126
0.3163512498658073
-0.3781122905021723
-0.9976970009891521
1.7405951269348
-1.8269457105123275
0.1615755606694388
-0.9110401949137239
-0.036379717610049656
0.6966382993136233
-0.4450869326773822
0.43758844982357326
1.8318807110023116
2.050045400404521
0.41831242982046013
-0.08579303275644501
-2.014655648499619
-3.599539267791832
2.435832918627886
0.2021887953183041
-1.9855837639157927
-0.03884837187822554
2.3991707337959727
-0.8118422165603949
0.5490286447826621
-1.9803107734728929
1.3324535094632513
1.0
1.0
1.0
1.0
-2.2772344609032245
-3.117763560390932
1.047799249619351
3.9659320200386117
-1.4957413579338208
-2.301610023419569
1.5556116301657823
1.6502068541255115