0.060917134428611575
0.844514392651061
-0.731667872979004
-0.6684743527622663
0.7619379878606191
1.2130076060178778
-1.7995010859571796
-0.0914447161475015
0.7584336698730656
1.4666261348439453
-2.4833112949795995
0.2707547540957324
-2.4321993478892567
-0.9410027165302417
0.007135552533022477
0.10360219526629248
0.03331602087770724
2.2147009700706346
-0.8779089742266364
1.5854453043786845
-0.9027152584187174
3.3631065608115294
0.4132637616874515
-1.156651171499691
-0.46098625573202257
0.6269818715554452
0.9293884338226281
1.2468037238463754
-1.2226279827368338
2.8475108660687005
1.0906432743711927
-0.28925284403626017
-1.3433394020924576
1.621864139108798
-0.5329985509434222
0.02147950504539134
-1.6140509765786888
1.5819254719816653
-2.1584756036985606
1.2647876696964926
-0.6847527463443925
1.42583333598501
0.5549509345182289
-0.8891901063102271
0.9228925227797996
2.7092852515670245
1.1223893438360741
-0.42380192534487404
-0.7207384758748162
-2.292756312686718
-3.0446412966347087
2.9029044317901596
-0.0001984663387452068
-0.8978148803497127
-0.8397288257998584
2.5308894429758233
-1.8910064648916485
-1.5853650216023156
-2.3913502225431724
1.129755802537189
1.0
1.0
1.0
1.0
-2.6203913301323722
-2.9611006221142095
0.45334697193642237
2.428740544476521
-1.1425728873302388
-1.4582182784507205
0.4554369179497961
2.958508409804957