-1.5233795502732619
-1.0155938605399817
-5.907509044626352
0.038041174866828786
2.850121559528668
1.8390868647184304
1.2465030946747784
6.221968435477183
-1.4341241657628523
2.1517816653173125
-3.30413624238489
2.619432856094395
0.7706378024254537
2.736644502855691
0.3099630871323406
0.5756508901615159
-3.2073403180112354
3.2963251973967016
1.590202850421021
4.004675118295104
-4.318932705747462
-2.98192419137274
-3.6132815055743457
-0.7574845796359108
-4.609622474098403
-2.26880854415266
-1.1743195942799003
4.445361341025498
-0.35667552762022764
7.574591990733063
-0.6713326710797974
-1.358667332386927
-4.984610058399826
1.3031650240576482
-6.041215682875853
-1.9399016379487914
-2.995183456163099
4.036114813965419
0.8746167466346663
5.862759024720537
1.6719592345086105
0.2324895607675339
-4.196483149818391
1.3658535261456353
-3.923556712012146
0.6682183392490468
-2.816978709459854
-2.7150828619663594
-0.2790268193953388
-3.606187787222921
0.711251016967683
8.464982331511928
-1.1904658183763004
1.7051115770349052
-2.2575671094905623
3.12355377539555
1.4111010678567277
5.069221314777002
-2.831862016901815
4.9785828702969575
1.0
1.0
1.0
1.0
1.8674702067372129
6.306534348654777
-4.2931111078655135
-5.414818370833119
5.5923831057935125
2.1014895918139964
-2.929927594459553
-5.875741384913313