-1.2366438982898584
1.4976650391950446
-0.8857715096445242
-1.023402735749154
-0.5666941995424534
0.11128958525459864
-2.3720716361137795
0.7468146286662681
-2.599821043106883
2.8484068656496495
1.3421335370155407
1.9643597643134212
-4.265801495997136
2.31316434772111
-0.16255712186634225
-2.9502436264725698
-0.9257670961550025
0.6525612244710168
0.6999964199690704
0.7837341518552292
-0.3882883195413145
1.9177527632990536
-1.8089922199451556
-0.8960774296033847
-1.8490517745347037
1.7156808070701923
1.4569864567157755
-0.3133203023895804
-1.736576730083859
-1.2986389130786413
0.5171286887936208
-1.681607241559727
0.9227843717060333
-0.48577742551399855
-2.084437804666468
1.246402114682335
-2.873569484750292
0.48400095481968974
-0.6701917029515367
0.6749445710920254
-0.8252048086760572
0.5455863794767905
-1.4547479093506044
0.8522680483437661
-1.2747593279503149
3.8296216806549257
0.13480663174876673
-0.46746085544423654
-0.26852727169881274
-1.2098413902681564
-0.16778044039904572
-0.23904844702859157
-0.3886242968384168
1.2194894754576593
-0.39537007901204657
3.667039619145619
-1.8870491085161012
1.1366355708787694
-2.496326401772753
1.7330815543406826
1.0
1.0
1.0
1.0
-1.3306825278597838
-1.9532605380487085
1.9993822362436608
2.7735297322789756
-3.218326584649858
-3.6520589783029265
-0.30802108730491207
2.327064934240317