0.0704841775098286
3.118610852204771
-0.6525465855363788
-0.5218545194001414
-0.09095033128659741
-0.026190249003428034
-1.0367068002101711
0.3934768961453494
-0.8144963076889161
2.5722075427411824
2.832778833047504
2.8836322917241612
-1.8066844249845428
4.0497573446364665
-1.4645262119781297
-1.3128069215066025
-1.0832729428477728
0.654324064114786
-0.7451159886372115
1.543936251318787
-1.423977973576941
2.6421647050733417
-0.8439292960613783
-0.4583883892565431
-2.7583291593463337
1.5829781020838558
1.3247526890928378
-0.6530518361693569
-1.3433286850872248
-1.27482840351802
-0.6893386479674906
-1.627554021094144
0.7771184615407137
-0.6353528128578738
-2.1758727675721765
2.391653985779928
-2.359833443274095
2.3930739013925115
-0.6732419951816365
0.8357140691023887
-2.0337521198296913
-0.08931455760939408
-0.8827343240621341
0.2618979113010649
-1.141873926915542
3.7359961320776987
1.2333321283195509
-0.9389066451795369
-1.3220631382070507
-0.2886739790082682
-1.3065599598008826
-1.1170813636620112
0.23148222097402074
1.5019938434475788
0.3778718518014347
3.7194921512545047
-2.9449349735331056
0.4424004931627182
-1.4277692239404223
0.6245412752803297
1.0
1.0
1.0
1.0
-1.0628121796995778
-2.6685212538693324
2.4152730827303572
1.2297851658227865
-3.2450172133714603
-3.6420358504181127
-0.20610028638396216
0.8122855736378791