0.47888966216434503
-0.2667943388182282
-0.5376872867657659
-0.05984045860103271
0.06590658357369217
1.0343236338884054
-2.27884091879697
-0.2426259219454624
0.9669506661031982
1.797662339502741
-2.6720437747866344
-1.473723265468507
-1.654599528874069
-1.2187790356848085
-1.7943546820953247
-0.34316220940653885
-0.02131212437386787
1.5930234641066527
-1.5367587474452782
0.7637300738812078
-0.13385633441050881
3.3547165589863304
-0.3473343788865847
-1.0819112541676454
-0.45790481893065316
0.4970347755642547
0.1167272044268598
1.2025289095680283
-1.5252788275238485
1.5463234007084268
0.8617219648518928
-0.21763660429962928
-1.53791688349406
1.5306731998244283
-0.792885854494968
0.461855634457057
-1.309377680920978
2.039846689660842
-0.7299287767975029
-0.1595792552377574
-0.5640090365275368
1.1352152053902052
0.8595635899639567
-0.8347600215502492
1.117007407438906
1.676566207927693
1.0837267058288802
1.2339653426298347
-0.7432290495419969
-2.1929332256888707
-3.7504681630944425
1.9498722796780594
0.08666435137839784
-0.5126266288743672
0.10566192671518451
3.3542539719852016
-2.1555972313063094
-0.2489166927515332
-1.681384070773177
0.4604009348483675
1.0
1.0
1.0
1.0
-1.1872626496145577
-2.27411758489533
-0.5763949968457904
3.98673927256353
-2.234626821051481
-1.181568738786739
1.356680608757067
2.218166519504361