-2.878736585271681
2.8972855250621716
0.12851060686308668
1.4962366774685487
-1.0065776540107887
0.5962443623300824
0.3382867655127221
3.178123269413189
0.7491727125097164
0.8432722730350481
0.6549023529471125
3.3766118914522405
-2.8739921176940677
1.9058569617516716
-1.1166996007574348
-3.980397809020827
-2.0702517541976935
0.5362963777377553
-0.14668999644767647
4.0166395405842
-1.629437367292794
0.9764049248907228
-2.15356160786745
0.5059144993255403
-0.04158829423928531
2.0735807663456964
-0.6859087353595957
-0.5572400984403829
0.3565237827104879
2.835645397351721
0.4339957852622722
-0.24959850999580152
-0.7334129507155072
-0.2753664455629288
-3.168858371726445
0.7285075945410484
1.654656918759399
1.991290443113888
1.8976240198054704
5.0759316826770355
-1.0787482932045616
1.3601713127855362
-0.3634797382811352
1.1953623100818924
-0.2836680256593307
3.3151375950366924
-0.6827068924521051
-0.047878231418324035
0.9812097789699521
0.5046573671797387
-0.11026993215280634
0.7640700564039841
-1.1944453255825533
0.17128256045274048
0.2079840655819188
0.9079972697699144
-1.2103044627315014
-1.8120410718630686
-0.7169780156045756
2.2767836748353414
1.0
1.0
1.0
1.0
-3.336574622398594
-2.5600145041707574
0.24861826610986737
-0.5203976662690836
0.18598872997551508
-3.351738275160314
3.6847884569387337
1.9494622085522562