-1.3231241768269788
2.0576320244696538
-0.40306913074477724
1.005758114722384
-0.4642688080345292
-0.0962233599485012
-0.061847354315944514
1.7721169904182115
0.5850779649843649
0.31834117974952947
1.1297972648900994
2.4996249167159066
-0.3853818737005006
2.2234487631020095
-1.3055683882736209
-2.1524555753867363
-1.2427949310658217
0.26680706621009925
0.6835898677271245
3.824597780759697
-1.397073153409124
-0.04898623465799279
-3.5532248527547567
1.1488427270064234
-0.06401607939526802
2.503725707013557
-0.3478819057945002
-0.5048079271361933
0.30162927913816395
2.02922922836965
0.8597717272243393
-1.1140970777862076
-2.2654203191652202
-0.7086908550421136
-2.8292933127593733
0.19080718876127462
1.6143464025156709
1.8074551343844498
3.023630085415008
5.422336732300396
0.38701804710405274
1.1792635912106064
0.03595038367383019
2.2618458342564534
0.8381315150673521
3.6536855558346497
0.20779146080755745
-0.9470687172805374
1.1403875735506488
0.844136736275235
0.05525277664088046
-0.009216929844082455
-2.6375603507525613
-0.8300741948683374
-0.09867684467264343
0.4343311412411795
-0.38881053378016145
-2.5813105228954454
-0.32529498710056826
1.8105224924111352
1.0
1.0
1.0
1.0
-3.799158120496149
-2.3465085076332954
0.7445654380521123
0.9323955123244321
-1.6470219759549158
-3.2881491173742696
2.8923282451536734
2.3251496201215622