-1.7532535266067701
0.9434367033526467
-0.017084149591410108
0.6605197223123072
0.8289769631277093
-2.002042839250331
-0.6666985823443901
2.025568161053902
-2.6451480228290762
-1.035678854535293
-4.2306357695429515
1.612300280151025
-2.174684551416858
2.3725094792428756
-2.639417619769441
-1.3388137462995928
-1.5289231916775088
1.201510725735037
0.6116686311193202
1.3152201044707024
0.24840788310630058
0.5905797457579891
-3.640868045915583
2.186808231399363
-2.3093872146560863
3.090179542205143
-2.7522736646168395
-0.37079979787141515
0.025198156654605675
3.1785112994923455
-1.8452445454565662
1.3460907870422556
-2.754374443021213
-0.8465664318006906
-0.544118067251667
4.22161879578233
0.7140901782452904
-1.2527649500909788
0.4460696574925388
4.77305181481833
-1.0791713056556502
-3.295885986214512
-0.09668841765527147
1.9110243111364646
-2.488817240875204
3.559095643034722
-1.3424830441629458
-0.4302751551996111
2.021407416435621
1.9552988130938016
-2.1997313654756185
-1.4585823431514284
-3.4066880115598828
-0.10642656445650911
1.6769496286799912
-3.39720105742214
-0.2107178834818108
3.1417753088272993
-2.5042444624816698
1.5179234798478627
1.0
1.0
1.0
1.0
4.064736146886605
-3.6925469534765143
-2.6202644743626773
-0.3512847548057648
4.01921701495876
3.3203129853161992
-1.1440732349816014
-2.2469956060273395