0.15388838601901184
1.9984443601097712
-0.9089192816080501
0.7510839097837357
-2.570278669644027
-0.35100673197605725
0.26362750229381526
1.7644961596435271
-0.20164511411456032
3.2561266397197355
0.3986012429938445
0.5091744746876564
1.8368220303101688
0.6212602756756005
2.2624872710542725
0.17492614649252042
-1.8867813852495015
0.03399490454838679
-1.9516221163389917
0.6096286500142855
-0.8710985303626674
0.6309741772427973
-2.1337131777590623
-2.501868643317077
-2.565867161361777
1.2713054609354204
-1.6171962752592797
-2.344979169195439
0.5003237114801534
-2.7041726542946565
0.89505185576518
-3.126912296975261
-2.114602099608801
-0.3640110365084235
-1.3385110113019432
-0.19445974305339594
-0.9668034361917824
2.0611063231268214
-2.1177111977145033
1.2109461158395318
-2.6156782437848323
2.7504460458326845
-1.7383254428510564
1.3826601368426865
-1.148230323656341
2.5389476668261355
-0.6599443524427986
0.4881921903626969
0.937982456564532
-1.1526906546532532
1.7850331202001848
0.07127497621038081
0.678471871618169
2.2047609615453347
0.4626789048086597
2.6493880504937692
-2.042628447818736
-0.8405084825934099
0.21188589336618607
1.6098897116071265
1.0
1.0
1.0
1.0
-0.34238930204452633
-0.5602500678343035
3.1630234671370765
4.602990989893472
-0.7917650647959378
-2.1485906045818273
2.8396187329190123
3.1882716815418304