-0.4481359867385979
1.5505314995696027
-0.12189850619867469
0.4938616580838431
-1.3949107214595506
0.23589026409103797
-0.2407606378045251
1.9128698629237433
-1.402614567243428
3.1022670951958866
0.43624792292144177
-0.5486129292176173
0.7253800102573401
0.09675433398488714
2.3661523704546887
0.2964560907389306
-1.6340901144881599
1.5395140399669465
-1.398225153436788
1.9684385614599722
-2.3451705554206246
1.342731211750297
-1.9706280884175011
-0.9414556690997253
-2.539692291938348
1.1329769605874236
-1.290785892011874
-1.7500594184280005
-0.8524145337068619
-3.008065188981872
-0.9500198508672312
-3.2729541692040667
-1.7613314762806733
-0.9363452257883687
-1.3064533695439882
-0.17874584675161434
-2.7809029068378135
2.278543327805043
-2.3536075233999014
1.06507387175093
-1.7120764129040749
3.535692828394333
-1.7989350145884477
0.6866760811767556
-0.16285280643275812
1.3721050237498122
0.02506571845213479
1.4222553060691374
0.6777798905337434
-1.7522474754571045
-0.23507819237701133
0.5566908032548683
1.3054118183674743
2.321619145806175
0.24750510600486658
2.883497333696774
0.6570941471103823
-0.5798459088549
-0.6825460917096874
2.8717086070495674
1.0
1.0
1.0
1.0
-1.2276869039561498
-1.1061257873084371
2.87923368477194
3.89886837957383
-1.318974910317263
-2.380484512930294
2.673611458634501
2.9211656849139502