0.4998693779265583
2.4175762633653197
0.47264125632194764
1.1154704720176132
-1.1849049886846883
0.7938190262360869
0.08190996396994266
1.757925390431919
-1.2029696651354744
2.4374876233585576
0.1595839005213262
-1.4848960089511931
0.7126226396426757
0.07490975909629818
1.6948474028227731
1.2188229142596203
-3.242500124849464
0.25313573211520224
-2.5080253960692565
-1.5269530625603842
-2.749568169553983
1.3283126452142868
-0.895197158978111
-0.747375047478888
-2.157709041998906
3.4383315050276053
-1.1899599347044636
-2.491084335966752
0.38774677715397293
-2.143694329459326
0.6859412944942939
-3.2404316031070355
-1.4526021661217368
-1.7022881868696957
-0.7262772857262779
-0.37797748256781305
-1.5656599712492694
2.6673119366840554
-0.5847361409393919
2.3837223915393784
-2.47479592164094
3.688299989825076
-0.624410707883186
0.4389877708288358
-1.7546608741859335
2.9294257701814135
-0.9851253638452668
0.4338081878149509
1.4587951384667708
-1.1503755850761448
0.6658972441963826
1.4540242158659529
-0.6594071000987791
-0.07080389647888374
0.7215502103322567
3.446077213106682
-1.4793829949022967
-1.202443086823433
-1.3455663428546933
2.378125517721243
1.0
1.0
1.0
1.0
-2.380695349094218
-0.2864645126401466
2.415716529061331
3.408633372841889
-2.9746760415502775
-1.6131450087263681
3.1063485667459436
1.8235772297925599