-0.8733709015858061
2.435738813365324
-0.5980850632252924
2.363937657544234
-1.7271377584174117
0.9073472528114673
0.21917664443185192
2.55479463876715
-0.8919726542841659
3.4978158642156982
-1.163296006052121
-0.5591025573097548
2.327503830419392
0.3138605646305614
3.1175116849043456
2.593276242457775
-2.797811337034145
-0.16112745748124568
-1.2745536481854869
-0.9938472453825409
-2.267093303517256
0.40002506418884065
-2.2869000867285103
-0.4700623702878747
-2.5863766126617262
1.562039841170236
-2.9324714874738502
-1.7667670770884178
1.1833377686233122
-2.1734565641553627
0.43587129620667264
-3.480042687476227
-2.379636264617984
-0.5724946267397685
-2.4807312797098313
-0.5538468605964645
-2.4288583756042175
1.1321096061105742
-1.4470842632387266
0.884137652186151
-1.5014763529016766
2.1882221466895535
-1.9086759886225342
-0.17010536600649817
-0.5190478617322781
2.9460607558922067
-1.2458129503681497
1.152692160599857
0.25298051497998775
-0.15583932115309462
0.1937787051498884
-0.20318707611698564
0.7144965522767226
1.5264009483945447
0.7252567274140937
4.213516859181452
0.4907790573494072
-2.030433785103069
0.3856739023051071
2.461068847777735
1.0
1.0
1.0
1.0
-0.34922369302268286
-1.580946574548098
2.8191149758220897
3.368806354081324
-1.7660432165261017
-1.2787628691229744
3.7061203506055787
1.8513037278621807