0.04841388326052676
1.8966009439079414
-0.3770559107963868
2.1097843108961465
-2.6017391504990175
2.34279764901567
-0.5554594464171173
2.689316467095179
-1.2095330018098973
3.924139446178882
-0.6097734931658256
0.3058269296549109
2.303310623786202
0.726358524303581
1.4787745983418388
0.38658615057799445
-2.0070676690404867
0.35530065745880635
-2.0579080674755055
2.382672871678144
-1.0496261631334756
0.5145227781864823
-2.011904284699599
-1.721447755059112
-2.511629803176996
3.7227308913816675
-1.5695176593485842
-1.7157962737883514
0.23194648003773455
-2.2305616542150433
-0.04474595573980905
-3.9178826796270334
-2.4423511048670314
-0.7245622576583663
-2.661639407680015
1.4977071836610898
-3.2398070285800014
3.658036544296195
-3.19420403532469
2.0641811311909772
-3.719281491124037
2.573910184269979
-1.9649769552998677
1.4145125028987198
-1.8474909686848997
1.9550248775858081
-0.2661351290628936
2.568387634071027
1.5055094495747698
-2.087511679315376
1.1368331140761585
-0.5700009096168973
0.46123901581400895
0.8449756629680821
-0.4198247576982913
5.374462794324371
-0.6838837423681057
-0.42243732218744123
1.1418900708209683
2.048502587138871
1.0
1.0
1.0
1.0
-0.3377138018865272
-2.242013094187805
3.473511270188082
4.348057515254432
-1.5537313961998096
-2.2831385169517424
3.4967953506519
3.11169042726996