-0.36455599734547606
1.4910749190280221
0.25345273893848747
0.7876283545769133
-1.1468071643179987
0.8059553330011744
-0.5891353922559068
1.1684880450237163
0.2974103319384229
3.607723279771174
-0.22187973789679288
-0.4235431853199497
1.844750145985969
0.23783152857548823
1.5806711512053573
0.4558202735529471
-1.480265626225462
1.1536745919950686
-1.3025609854761937
1.769579372947499
-2.480782020368499
0.7433769295057155
-2.030777879714517
-1.6014411187370934
-1.7020581415468454
3.2191520564696363
-1.6252236310166759
-1.8310711354082805
0.09334885245180097
-3.5052420607060517
0.3581622180293193
-3.7332143706138923
-1.9676095171332864
-0.16619937891410247
-0.8443508385115551
-0.13323812262989396
-1.3877436157004452
2.3340540419560707
-1.124966973049259
0.28832252993730645
-2.5112808747655113
3.48858387766511
-1.8860083995867654
1.8633939273173952
-1.404659909429999
2.1065921627656055
-0.7821076849325618
0.6403331971021325
0.4247482480072576
-1.819849862099809
0.9228222065697317
-1.032090368156008
0.15354312071431298
1.8275545529002954
-0.3225522828425659
4.042663622817866
-0.7970531943475555
-0.5461748898458436
-0.6345481149732656
2.1277745903835017
1.0
1.0
1.0
1.0
-1.1103448768403443
-0.9173491164658517
4.167484810858834
2.8030422003248954
-2.3696283682193484
0.018365501131174522
2.4782324864647935
2.669495346832072