0.2805238593964018
1.1198653992464367
-1.0395604700277086
0.4094545326366875
-1.9155606115812203
2.0740624983173928
0.5151490504561446
1.4396557351252481
-1.242268402082708
2.586723688322719
-0.7118277128208533
-1.4507777612785402
1.7914668463166046
-0.3411901189275497
3.6022593229126176
-0.3121842294412911
-2.532386788395534
0.7603649089905169
-0.5526757873396666
0.604256959683091
-1.8769842133834391
0.3650135543107591
-2.075213372938163
-1.6169157214909942
-3.2354001151049534
1.295497592787128
-1.454907617542741
-1.2273598430122812
0.21615226899332207
-1.7958189807294431
0.4276704953498902
-3.149826467907072
-4.134176127351585
-1.060460062656765
-1.4121895025487947
-0.6284645309243041
-2.0601966472843896
2.3097663421772383
-2.1467153139178183
1.645565707748042
-1.4793934271055815
2.7670752595988657
-2.2003447072900393
0.8354194632948423
-1.7608926897907744
2.1534581959458916
-0.4774725192255145
1.35848681631723
1.2980275969017434
-0.23508398699697675
0.282060952986978
-0.6913754097158369
-0.19572589776507532
1.1997134262383444
0.9006171781555474
4.462579173755207
-0.2414736316097496
-1.028417759744468
0.373875090175615
1.7864535995695294
1.0
1.0
1.0
1.0
-1.1524999268209783
-1.9472076030194028
2.23305201099581
4.055717163642819
-0.566652935722475
-1.5463263654326784
3.3598851783947903
1.8938117898718196