-1.0663458825534016
1.9657507061901975
0.6088142795759286
1.5785084776334495
-1.0661444896361127
0.508875487091905
0.29125984675488764
1.692535635642252
-1.332241730096976
3.5269168831978064
1.1463668522125348
0.6145592585394887
1.9813305671304429
0.7504348184488788
2.8529350149236454
-0.028549000140313252
-1.8116168566962845
0.3526918365651382
-0.6812513759487302
0.07931598622295333
-1.5780758424406114
1.2408284554993565
-1.7794426550147133
-1.1586243279380057
-3.451839106783454
2.288153729253535
-1.5757083763270539
-3.659547513976121
1.04852663884496
-1.8055962648115196
-0.1346246947750818
-2.7376960246530273
-1.9091135689007805
-0.2987627346911795
0.03525230821372238
0.553710050317372
-0.9768084712118239
3.504709054011796
-0.18996829193870868
1.041543217239561
-1.7033192494054374
3.4312261478279216
-1.373376083439076
0.6929243437494774
-2.778963617417613
1.9952831005051002
-1.4718633816363413
0.5765356491691788
0.7233044991481723
-0.9657947029625406
0.2409427992285111
0.40620390933156497
-0.47314632582352123
1.3698899496272183
0.14688727606458835
4.3847646301803795
0.5142536676967339
-0.7956979045659547
0.7619231962273949
2.487472963325802
1.0
1.0
1.0
1.0
-0.9469220017383925
-0.6992063655146781
3.8196806656025246
4.004412018415895
-2.314603171838882
-1.3155549307838275
2.2950002897411825
1.7880823423597199