0.4492492323482613
0.7620699733714694
-1.052469242124892
1.5392230769226352
-1.7835249373595656
-0.2030397919659852
0.6564417283515879
1.5326140913504038
-2.142849127178916
3.627082342120069
-0.621589441921693
-0.4519138001311962
0.47292129794778026
0.41762826019818255
1.3023667740221632
0.5830660947782865
-2.287950937788162
0.11446989342641042
-2.4469234368168395
0.136150442033578
-0.9371455601776463
1.6615513025575155
-0.9276154082741562
-0.8414422101013874
-2.7692007222585966
2.626132723751701
-0.9503032490249747
-2.201896495274533
0.7960680519133798
-3.6220515799641237
-0.06523886844915842
-3.6787912616835605
-3.372296301077166
-0.07317806548796674
-2.6231328046964437
0.6129501941024371
-2.1832551983059636
2.4805860500909427
-1.5354882819480773
2.9683174559261003
-3.2540324199045627
2.082699299869418
-2.3685154255030696
1.4805447269470133
-1.0976883749284259
3.7213438277813564
-0.11828974789666163
1.9345863952901927
1.2092971253052127
-1.9338017340981113
0.004246635828468681
-0.44501913045839864
-0.6298454637052235
0.8409042880234366
0.5220695361249956
4.899456053819789
-0.48545038846169986
-0.2596167109986889
-0.36605512683440355
2.6743753841720186
1.0
1.0
1.0
1.0
-1.0926296394114967
-0.798922242389174
2.966804000884245
4.260193305106695
-1.0548781045099846
-2.3151388838496505
1.9416537006268921
2.1896234540216244