-2.748124030140091
2.1381599147145645
-0.8005824059031534
0.28217239901932967
-1.414441852585607
-0.24885375769019688
0.8073196367714035
1.8013017451047617
0.8598976928778759
0.6258744921005499
0.2796597158289681
2.709029735255274
-1.7389428703685095
2.257992728266572
-2.0138715321464375
-2.893074639026909
-1.1810266242145966
0.38523140830385616
0.8844786558691846
3.314118969081628
-2.057121425143068
1.1658628149892476
-2.995886910532544
1.0263292814887675
-0.8535559242588255
2.1769522716425396
-1.4021742551163268
-0.37855944038897077
0.5179360529599089
1.912402059378243
0.5405959262661544
1.0458178357055627
-1.945665985373924
-0.674053525225264
-2.8292472604473335
0.6568489876826553
2.7934157759130374
1.7434910937480608
3.237376801699698
3.719494128588651
-0.3815636097016434
0.34169088609356246
-0.334418547932521
0.7956933060439486
1.3286465371417786
3.2021815123915047
1.548673977412606
-1.608692515925152
0.19322348808365322
-0.7743656730470447
-1.3726123179461425
-0.8264053926806455
-0.3565074438289022
-0.27888640930706066
0.6824783859362437
0.21585941084354965
-0.4208592660523164
-1.8721686520431977
-2.1890008778220147
1.04098801910378
1.0
1.0
1.0
1.0
-4.0407125146048655
-1.3965718313320312
1.2370696741698852
0.7589788435222808
-1.7852627083894177
-2.2433555645491037
3.2945935304032754
1.1400687148333235