0.006320493193223697
2.058614922190576
-0.38426266818018584
1.5161824835108075
-0.25666842787955635
0.0636199701643923
-0.16179847051788654
2.074020901720996
1.5822774887909385
0.9334909835032799
1.6968699442748167
3.338973809403226
-1.5092045990610516
1.2410011772784921
-1.5185292616106372
-3.7683928019935786
-1.3935200157890903
0.2429113304988662
-0.33298150327678644
3.4058180452976243
-1.4115651962444156
2.095691191227866
-2.462455202947258
0.7410658261470368
0.2689139132811337
1.8865984270927894
-1.6601912104826329
0.392221398036253
0.4550707084858282
3.628465770609433
0.8309049055358892
0.42357316492263974
-0.8831495940815105
-0.5631044661552426
-2.0416265314109974
1.1017136184904273
2.532734469021087
2.3881985694349006
1.3046884018602143
4.73911370277713
-0.652485560385322
-0.20685349209979487
-1.9801509573800145
1.2817400478326118
0.8171679108215493
3.6822287582076196
-0.3115909378802231
-1.2784235510005302
-0.08746895548925465
0.15473220624385464
-1.3905427201193608
-1.0810894436501663
-1.2901207577262177
0.09573130488466974
0.19196569124720492
0.49173493705111077
-0.6156513089528798
-2.0321818905280935
-0.5112763489467668
2.0625477616719428
1.0
1.0
1.0
1.0
-3.800871430802399
-2.1175401275579646
0.843094872881521
-0.007804796399168534
-1.299923171436287
-3.961431103747852
4.040208736131667
2.198923439493544