-1.1320324639063823
1.0963962437437285
0.44688768945258783
0.5309924283761602
-1.0981033991937288
0.5999053161879804
-0.35120340704466285
1.066289395546871
-0.20310179453179122
-0.07194872474863301
1.1604408218964082
2.319218534075877
-1.9419879267365074
0.4701407539209177
-1.0903911830290742
-4.441965115446597
-0.0008744337714590156
-0.8692532252791685
-0.15229572372333022
3.5256119327009507
-1.3515200112489278
1.7357210228263977
-2.322120882512648
1.1215217093014471
1.1476796279849097
3.2985716918762993
-1.0342264828646408
-0.5074336098625539
0.06390833454075517
2.448258799133707
1.004993694376945
-0.08755170872127871
0.3511851712357399
0.3463610976331153
-1.6999663842550148
0.5236247074314088
2.580074538554245
2.7917169654627334
0.15447438293302507
4.545541308980192
-0.7283330598713549
0.22207256361119265
-1.0201324352249077
0.7400831414589965
-0.014781973940167892
2.6639748907837313
-1.4506181248929497
-0.2513838432705727
-0.1571944280665804
-0.28445905603147054
-2.562347474154444
0.01744425211659545
-2.556759712669421
-0.15249248982942853
1.6578950141803672
0.6978276040645586
0.6660556847351684
-2.0919201087961814
-1.0476454223821063
1.9589105203403632
1.0
1.0
1.0
1.0
-3.124279761581196
-2.781493855356551
0.6239039268763077
-0.20221894248620653
-2.1147267898178805
-3.4708150278699454
1.3751519518070416
0.43771462250390125