-1.6672587944406676
1.1621587901025137
-0.775115699767785
1.5268253792802486
-0.713223245166129
-1.1255993166536633
-0.5405806294791036
2.2368761134286164
1.2375331363425075
-0.08905625317263388
1.177854342570958
3.1654673181230306
-1.3292940858722202
1.2651728216440346
-0.9523255514562933
-2.35640203798487
-0.7325026360419384
1.2160216256746526
0.5233360019188462
2.3381337422932593
0.4036712767020836
2.1454068769127526
-3.3748670889085535
1.2503318382222248
-1.138435821233405
2.7370145171294737
-1.3289976989526484
-0.4909704438532553
-0.17338274951686308
2.753962172003001
0.26917133543172234
0.7136564221504503
-1.1706397420928873
0.9357055855202062
-2.3387576233987177
0.3372257499022976
3.898307147458855
1.2923615688580716
2.147764427151654
5.098126516565194
0.02466057951779288
-0.0009575192765216567
-0.4444857038934844
0.5695369651755509
0.6487365705203255
4.213457498098062
-0.030952692824582045
-1.4282928063292362
0.14466346513434047
0.18834756018160098
-0.4912904098987828
-0.3790742897339339
-0.7366166400339782
-1.0338095466535893
-0.3147109041075304
1.1659939509506139
0.5383919952083398
-3.791210352918444
-1.0896371091250858
0.9416921668998915
1.0
1.0
1.0
1.0
-2.659058824138443
-2.097987899899732
1.7911935196278004
0.8632330601067473
0.18866380194440635
-4.133937157641707
3.9597599087205158
2.4105053552382385