-0.5142211532401937
2.2780776804548615
-0.37520936832720925
2.213702843278572
-1.6600876542599217
-0.31469132162574665
0.43600554392981744
2.1263643175295344
-0.4802170256687196
-0.6274005235566622
0.9602450709073667
2.5274651283216087
-2.3087003123494845
1.3072768295061612
-0.4552699262541634
-1.0956660348274858
-2.2081248342959716
-0.624730517493386
-0.33359071795198253
1.869139912550994
-2.636759608403285
0.6669750213982106
-1.4040821507599466
1.7032074893148526
-0.472254844486596
1.6375098156152843
-0.9062426449779751
-1.3945178238177665
-1.227268937198612
3.905150989476464
0.7302172027352005
0.43726136649635944
-1.9707861712871437
-0.6190994256575469
-2.2271818998040893
0.31299395160736493
2.8635534115175982
2.788231195001466
1.0413560957518255
4.639014470918557
-0.2385130186013607
0.42800416832197297
-1.301874524981205
0.9039781944478796
1.6823679230965953
3.499706998446023
0.5997362775768363
0.19161284780797383
0.6274279650686626
0.18156603367146656
-1.0022881146970566
0.5818521968846303
-1.5348266815632665
-0.7721987910124581
0.9500589600610501
1.7076645392285927
-0.5804466011479972
-2.684085889465137
-0.7389330850963655
1.164702836752657
1.0
1.0
1.0
1.0
-3.7428511611056976
-2.7560170061849694
1.610324351046598
1.1855736493297866
-0.31960828221246107
-4.093035341032031
3.257636735638475
2.2624491158579936