-1.7233051247907822
2.770081901795772
-0.4646058805355383
1.3677497961742033
-0.3084764835804371
0.13179928789477235
0.05833952974332246
-0.056026388557232076
0.8187301848360053
0.27725846258346937
1.4540684638287606
3.0111986503934083
-0.40654201615964447
0.8648178105847246
-0.9294343154681057
-3.4314631888658926
-0.9642935798112686
-0.34075368911478643
-0.7082565863405963
4.026255239493074
-1.2227412003846303
0.6924279742239117
-1.021557404826725
1.5728137943283942
0.6670789532378056
1.646724990547427
-0.5911558933470755
-0.5930756153907186
-0.7511645766637117
2.3171951703209266
0.9559053002511689
0.4280079330946881
-1.254359343337628
-0.790629596488692
-1.7531525001937807
-0.49368452162054643
0.8018140060638077
1.7929323396807841
1.5587758077122058
5.358834973818701
-1.1659439683552222
0.1273985750236627
-0.6763557753093796
0.5127125897282798
1.016517795030925
2.1295080232269608
0.7564705709447208
-1.1519047859868712
0.06348011546112053
-0.6959795030159843
-0.6831351783271961
-0.8795831288341786
-3.271798280341814
-0.8588290355081013
-0.21235051260779664
1.3998567103619943
0.15365155413899256
-2.523352303434093
-1.1619242419322378
0.8509003514653147
1.0
1.0
1.0
1.0
-4.665289581662552
-2.146510887513873
0.8104229038439674
0.19351682580674456
-0.1422953291882605
-4.064194381481893
3.966274887989489
1.5189488706714003