0.4644563437345359
1.3138464113217723
-0.8307715058302492
0.2635471315253507
1.1460116415743051
1.0814284829814504
-1.902854362562429
-0.16120888559071833
0.6550096313269345
1.824647510613751
-1.4431337907521868
0.28038167783805423
-0.903620600840988
-1.0150100398863575
-0.3245185618875977
0.753723829470874
-0.4514656541030075
1.311165193987358
-1.9206281718719478
1.618694040009045
-0.894307209878108
3.8926547294491267
0.15219281260600712
-1.4830959049684496
-0.30864594799134065
2.4146870749957268
2.077704062952238
1.9472104915169641
-0.6022770772944948
0.7676199041699071
0.39618745230567054
0.08954391964679587
-2.58258571715904
2.3741254721722207
-1.3126063507907806
0.4861626839002883
-1.3882855255288666
1.5617455224570327
-1.6597251302530376
-1.3099063561584607
-0.6361274816974234
-0.06917903971214467
0.5754911939980459
-0.5174760610125693
0.3433573324903907
1.5167871523941037
0.5215118960883626
0.561210007344222
0.06496154019122764
-2.3095655892045928
-3.1121658984005456
2.7116134435269648
0.35773501737021884
-0.0055303607931644905
0.9288815578795748
3.409507346227574
-1.002162456476844
-0.5609675739046176
-2.7560880827091934
2.588227901864806
-0.8908492128501183
-0.40145724639007896
-3.077930537101472
-1.2972309266356374
-1.514945255413076
-2.223634773651974
-0.32308747760637335
3.5215297734457116
-0.8610587655741396
-1.5034599770640995
1.1613294200406785
1.2550900259291629