0.0882185485797442
0.846986662482397
0.30637036292367986
1.1323117277453973
0.012257448570285767
0.8156673764658917
-1.8833221325716571
0.03704440993574806
0.5223183017695379
1.2110449318589258
-1.3718243457572226
-0.6645522012202254
-1.3143637682471327
-1.025035222399549
-0.5455766222539529
0.6903076154587172
-0.042370509521433175
1.842577250069209
-1.8508983001441557
1.1263650558718776
-1.505283638648916
2.9030160351877443
-0.4251572987193216
-1.0148787169774975
-0.7062875578987775
1.3194730851751173
1.2344732261072853
0.5522926139237836
-1.208305165811578
1.3714345382653168
1.4674084640256813
0.19514291268113226
-2.354056355954175
2.961030454516446
-0.3996924117784808
-0.21884706980177804
-1.6660335098498218
1.6802717840401313
-1.454776044549921
-0.5591905444342771
-0.25801239551967564
-0.29134006083824315
0.5774565043780329
-1.0606812549203852
0.26826128418405226
1.9143214800162336
0.8416859297464445
0.4658886726185667
0.2033540348913649
-3.305676018281771
-4.244323639388488
2.1891941108206896
0.1807121009062392
-0.8972586057751911
-0.9101453846889048
2.836782647676758
-1.2712102635310922
-0.5397133454404168
-1.9295239801904505
1.4431746495127706
-0.8970935002919825
-0.4098481828243708
-2.642841850965839
-0.25654842179901316
-1.765816112538383
-2.189973063288941
-0.3581343144316873
2.892358249565083
-1.9902479698820763
-1.8001410599129444
1.1828971654950462
2.259738414541838