-0.5163130145853847
-0.29349114164739176
-0.7113273104378562
0.08431623654734782
-0.6442841880758108
0.9464319173038782
-1.6434197749434105
0.24891207963034845
1.125267988936647
2.090976900484136
-1.7881775939642255
0.2960117435343148
-1.2707711108555921
-1.3954158656632365
0.6041096293860296
0.485128477026218
-0.8321004923476771
1.8553540693390755
-2.03284473024906
1.5387546134479304
-0.45818252275757554
2.759144954196842
-0.010277698943564062
-1.1077827647510812
-0.19248187889920743
1.526367051036506
0.7227045519775733
1.1944086712637199
-0.6641639045580089
1.647819478190902
1.479416089429122
-0.05316860155278025
-1.590353994587308
0.995719825549109
0.028237964245382385
-0.817023926800382
-1.3757124564855778
1.1261134942085258
-0.5103121328385833
-0.4263553842837448
-0.2621754958372332
1.3666233055405095
0.9654087909028067
0.016024419094181064
0.09587673717912626
0.5867870711791439
0.9979109489565929
1.299509997555548
0.5088739579535243
-2.41909885637151
-2.825245301128274
2.474772458361667
0.2673590043215245
-1.9857200131330879
-0.3433240257912017
2.35580880398318
-1.7880890050371534
-0.5999274353420389
-1.9928088806886968
0.9629611709930207
0.15413259014665587
-0.2317832866740404
-1.9102984970213235
-0.27409244782419473
-2.0615310848936086
-1.9219821168288234
-0.22506059744453896
3.434487502901898
-1.8511366577716801
-0.8735773708180433
1.8725638992643887
2.036274226598136