-0.5850353262509659
0.33814301918039885
-0.3359313995592803
0.23222787931331396
0.4093871285964715
0.18420067625351277
-2.2556735677059336
0.4334802857322756
0.23153030478851644
2.214917421459354
-3.01588719329574
0.08435046054363055
-1.249753738499405
0.0995447331728998
-0.44429738551281805
-0.8165965942274976
-0.9552307313243731
2.4627079891029524
-1.6255340954144117
1.992829646964362
-2.8759846549811074
3.854864762803985
0.22665357753748716
-2.025392341612255
-0.24744712419311699
0.2112291575385995
0.7702670370492348
1.2956835479701372
-1.8722297199317501
1.7935262864550556
1.224587549080264
-0.20399354305966455
-1.290181237122894
1.6783880372019981
-1.2196171592991882
-0.06277912999964239
-1.4275487393261765
0.9367082984817887
-0.8753556505328804
-0.08939229762780704
-0.8098320126569512
0.824030119686583
-0.01137759707865682
-0.32716915683872927
1.4673516716306598
2.1356993760536143
1.4996781648640822
0.3500379292279033
0.5508915965150059
-2.1326915305601073
-3.3428007226661074
2.6863066597368728
0.9620829406065857
-1.8281840349624459
-0.9598325903987196
3.7347223978759736
-0.6124608515304242
0.191654399662194
-2.085141678498326
2.7022145218436666
-1.3622998596921378
0.07684084705133165
-1.4226602069520549
-0.7174251339863086
-0.8613233174941537
-2.817985981922145
-0.5552941495095247
3.9477294958040687
-1.3768412061200905
-1.3375786319840972
1.2672088333467248
2.472531996349214