-0.6180928982144948
0.005874752241265102
-1.1908605346989414
-0.5923392164769712
-0.39816736064721653
0.7581198758110199
-1.7522858067004567
-0.07266623921703137
0.8431149760598258
1.2385636154298167
-1.6021243023193397
0.749942038788328
-1.5545864333924915
-1.5408612543905056
-0.39854646443828856
-1.577861978263649
-0.9674635562221431
2.6803348561497176
-1.206706762661877
1.7492713358392173
-0.8596212621163769
4.001818881884161
0.6460788821535548
-1.8894271490272962
-1.6259566117545414
1.0601847364492987
0.5456844436243322
1.1459730440196176
-1.352903530796882
1.5849377697181384
2.154309956890659
-0.7188791341662855
-0.24199193299950084
1.8036637824450141
-0.9338412593697638
-0.5355275750250879
-1.6390324118289126
1.337943023885176
-1.4777356024950297
-1.078259466548821
-1.2183103693916992
1.1355853543357657
0.37261109367757744
-1.336277767709253
0.42027568317728614
1.6083997295851893
1.3852131792523321
0.5769007256426496
1.0811976344559344
-2.3842790979533786
-2.8950557669815167
3.056231278918573
-0.5208940104307523
-1.193929545569925
-0.367585834650913
2.0415599944092624
-2.210150557284942
-1.2723732660495886
-2.011143161936929
1.2938168141476305
0.8754311668006909
-0.48417340269690157
-2.1796249968546775
-0.9215438954684431
-1.7754683651940406
-2.252032946083785
-0.8165501067353957
3.4149553918979128
-1.4704416050429068
-2.338784541239799
2.794253629668103
2.8929861596003863