0.28192799243170413
0.19436489654970668
-0.5654272540299137
-0.645001522093519
0.2374792936396047
0.5705704985202272
-1.7238942461288589
-0.305141500946721
1.0108291287995468
1.6164178978042822
-2.085852368367474
-0.7799157095650633
-2.232583658499322
-0.621391265604395
-0.9498205229507949
0.06895484933437991
-0.9622553734350002
2.7477098198722
-1.7725257965349084
0.8903966291405409
-0.2331782888725107
3.3381955098008476
-0.1145803488470657
-1.4897633335416487
-1.071922042756183
0.8343710872398069
0.7123092790835739
0.42202187641682976
-2.529438954144698
1.637806106099108
2.2083679936378147
-0.02432920506278269
-1.4933412288542074
0.9954374376981073
0.28864046661424936
-0.3776289949001086
-0.9820727622053156
0.45321275207186196
-1.150284854596999
-1.5447402438856979
-1.5113450080208994
1.5658743270904258
0.48309207074729227
0.17625617906079916
0.6673680619601488
1.8996271833783045
1.5954196326916863
0.6098706102380802
-0.5256554748041563
-2.6217867330589137
-2.6908335160981705
2.689089295553451
-0.5626932284762651
-0.2889647072950319
0.5259410182365227
1.8009575845428927
-0.8124160481024507
-0.688635633248672
-0.9064328166586622
1.422743559759328
-1.3619745654335838
-0.9291570277418808
-1.8073743386939107
-0.5615647852685471
-1.0801287207724415
-2.9061086919013155
-0.27827048564484497
3.0131228783951816
-1.2929844216736095
-1.1863805139879802
0.7856388614611975
1.815544014253211