0.1743965725281677
0.31763712012675227
-1.6807397196564027
-1.001931873811429
0.05899518914851448
0.8920409282772794
-1.9078399824323256
-0.413980909716452
0.30340922673179566
2.1345842883130266
-1.4142323596635864
0.7064901673346697
-0.7172130245227708
-0.4984212714960995
-0.38231235696849014
-0.1650362127474868
-1.0715596930335947
1.417733178639361
-1.8224623122754637
1.6882394903350677
-0.7086055593948817
3.6687704585401066
0.46874119423620714
-1.8195648106719722
-1.1664465843427951
0.4488921536472481
-0.05386534782815933
0.6779498241212825
-0.7024644416503328
2.0754844653457845
0.49577362018042037
-0.9913536299080105
-2.323555297203032
1.9021544242502242
-0.5718866763013967
0.5327171012960548
-1.4545675752717449
1.2095958556926487
-1.7665444563101156
-0.36239195776364264
-0.3948294742231567
1.1315581373513508
0.09580432835867703
-0.32118971432461263
0.8850459574793712
1.6258239847117355
0.8901440023035097
0.7859843531162963
0.2244185479165105
-2.6800997281203407
-3.311563495145823
2.8552231029016806
0.5449116614330358
-1.9790392747106826
-0.2559745836229547
3.162352733003149
-1.7078479786647043
-0.47968720717781244
-2.2942263766791196
1.4629924163400243
-0.475926333209715
-0.1691109146194933
-1.9141443021700006
-1.5312772664897878
-1.8281392257428666
-2.247225824314543
-1.0138040298972348
3.810422976073786
-1.410168645021219
-1.9895198086719383
1.183708743856037
2.096620689319744