0.30805248841074906
0.8503283024850992
-0.21053970719707002
0.4182029105248378
0.1440480704454163
0.10564441453848528
-1.503223348911005
0.42361945917315164
0.4868500636473257
0.9169224744516782
-0.9865633978973984
0.7801161556805429
-1.90969425892383
-1.6333047987290126
0.0876237703173077
-1.0097786161930158
-0.3281230131749377
2.020938471064851
-2.25772836267263
1.5649224063717573
-1.4103102825639757
3.628920154935747
0.4552548744880832
-0.7164067580984591
-0.20988696603637452
0.7948215821650169
0.9988462166660362
0.5191017482578615
-1.161321557004272
2.22052039636055
1.608353536333397
-0.9113671087741595
-1.916300521409255
1.0511679164735552
-0.41888617929904126
-0.6098633800521495
-1.9419659598866355
2.1022877294571307
-1.3888661458970475
-1.1239937946524061
-0.6885006861394839
1.3998924898522436
1.5572761600909881
-1.5333860618780162
1.3626093879915624
0.5672514856163777
1.4807252075393689
0.7721781571951626
-1.4843643425379467
-2.9706032961382305
-4.1172679854965555
2.427834728319032
-0.546122990787663
-0.8298164231066225
0.12201934299744846
2.386963191306863
-1.9321067811219506
-0.46381560333007954
-1.917521471973362
1.6170834182656402
-0.46394247839511793
0.47171633867167195
-1.417153412228286
0.10443266562362974
-2.7484625157364935
-2.2888649825249665
-0.6077731312113258
3.4529463330441903
-2.299787776223437
-1.8431327194178757
1.2675305448594356
2.2460140831448223