-0.2522402266851852
0.30512774950367555
-0.5981556434230516
-0.18590140017784615
0.4966882035686745
0.6838371057469571
-2.4449791738740583
-0.5206764778958641
1.415399236291981
0.34425546419599673
-1.4489176860158164
-0.9278468892986953
-0.9350902399063195
-1.4507572405883082
0.6016029232986082
-0.4001237890118843
0.2910849337828403
2.606059416874804
-1.5008663145253034
1.5826257215787662
-1.136465869310809
2.047504813496086
-0.28937195188436543
0.3073685571692417
-0.3389714010938307
0.6360561351694036
1.3739026922143904
1.2709101374079115
-0.6229608629024939
1.5851930628516713
0.7620547575862306
-1.016480505946105
-1.1002844593023964
2.4581787375808384
-0.9920286612786953
0.18123015416945717
-2.3954784395388664
0.8995321358872826
-2.2708205165655473
0.0660238316663756
-0.06357203557740265
0.5988534122239402
-0.08044193488265883
-1.3321366967724053
-0.05729964020330691
2.9409520043990405
1.2261655526165207
0.44064879930909223
0.03718854844527607
-3.0063349079241544
-2.9525046521042673
2.0653362449451578
0.23788384766754764
-0.7004761274895978
-0.209483923417666
2.386205541932654
-1.678364582780739
-0.5982675983451115
-1.7067599599524246
1.9895404545645423
0.23741046491123036
-0.2539571944323559
-1.4886405118404533
-0.06804410918989756
-2.666268772888535
-2.888536020543796
-0.16827498361243876
3.735012247017057
-1.9139594812605027
-1.1936188464389246
1.7025921295728998
1.2811142472526997