-0.3155736991168294
0.32732913872966685
-0.49405074443168406
0.48107681684535875
-0.40134241802750364
0.3338941666535803
-3.609357620423017
0.619016687099963
1.8008331398652206
1.6908646816039705
-2.109033220433439
-0.26818225732154366
-1.1207549048198582
-1.3878111433676772
1.475907375593055
-1.0022933594806673
-0.9412118657388012
2.931459676451729
-1.7671495608998338
2.1442701765586234
-1.4473812659386533
3.9657901300898026
0.014927371829488167
-1.4642757397429567
-0.864205417678001
0.9135077326010286
-0.7416400047409535
1.8751753498006143
-1.0423893527059338
1.6120744990121079
1.0038939874974644
-0.884834543711145
-2.0586947103769706
1.7324239205098377
-0.04544164234911641
0.9935046665807951
-1.761294160381368
1.9898964875230862
-2.0061643506531364
-0.919223578879172
-0.490684077222912
0.9333607706741452
-0.14097438855306477
-0.9028004086124131
0.10180792609857048
1.3193912958964757
1.205854674753564
1.2169120606549861
0.5321126869912643
-3.5494151412073065
-3.115506054306074
1.6696568070805902
1.1534917311540336
-1.4938903778142831
0.3307557039053143
3.8969511791359857
-1.2169536246965298
0.764665254972493
-2.427813297619288
1.4432913668126994
-0.7078704286339532
0.7144459063999972
-2.5097534355048636
-0.595950207361315
-1.7498689646714591
-2.5216323549126676
-0.23375836370568856
2.9274138204502407
-1.4577450094442588
-2.293637031435671
2.026152174366455
2.103961332949936