0.0528566327027562
0.5924077347520018
-0.9381175050448831
0.22547823068887218
0.4723048903862789
1.7409163166551676
-1.412647732698005
0.02897911663748398
0.711441912466917
1.221133947961736
-2.800187732304403
-0.38006050343424175
-1.600324391946803
-0.7911228029532573
-0.38708649502519454
0.27471039573154005
0.046014309036162215
1.4562097699177459
-1.8998868852117186
2.254332106923743
-0.5189890512266483
2.3353359553618986
0.08298499531989692
-1.0251804392021922
-0.7710148499175493
0.6894067550635042
0.3316922005881179
0.9463194212480743
-1.707240434617811
1.5590529167369067
0.696123440681258
-0.8176605583316263
-1.271317776423596
1.9113688901775763
0.3260312714125386
-0.33702259836384724
-0.7702440768353489
1.198431939199335
-1.0905938337349408
-0.4322300509234898
-0.8867997059680608
0.24114079666074684
0.48860643424196204
-0.996299382301649
0.715312572379246
1.4627492599979033
1.790174352124824
1.60304506692121
-0.0007769949981559499
-1.5789382028572136
-3.68396551848464
2.723301279838001
0.3706103744854238
-1.0326228179220063
-0.7729954202506771
2.5864381101062333
-0.6705584494957171
-0.5169551837940018
-2.5448381655841903
1.6098284330328427
-0.6398101411708893
-0.4132845709039096
-2.117328816155547
-1.1579788229046717
-1.3609912755558655
-1.5460065915821497
0.32632001603016586
3.420721570058641
0.10539970541178612
-1.340915694372802
1.6478296246158963
2.0382868069404214