-1.3816015006508846
0.11653957028593032
-0.3913066778879215
0.36374757268274904
1.1514783569547182
1.4370798326428265
-1.9108047975892504
0.5994093247881828
0.5220178017676205
0.7762232153548773
-1.6714701332974589
-0.20453586123781603
-1.2244292533786003
-1.1301010676407868
0.06796781778419958
-1.2460578034172478
-0.22052938986913534
2.3511996043829004
-1.917832255101632
2.027936220234466
-1.6523980911028286
3.0309486188266206
0.6892415172002263
-1.4268259956817204
-0.8882178862293197
0.13496115006199771
0.4175054799524487
1.380062148287061
-1.4464903298720215
0.9091104224035401
0.9673874475625373
-0.29695932569539174
-0.2695256295230819
2.005528605912523
-0.1086890715845718
-0.7067850816102084
-0.8213516993371781
1.625322433446927
-1.356471125450335
-0.416612962316929
-0.8050175712245831
1.9193263274991803
0.5793876950488541
-0.7284785912768694
1.0083731633498734
1.253478174141719
2.0541007683099175
0.6445416910549938
0.03684979832352894
-1.8283770669572328
-3.7643089929035516
2.5594882402064014
0.9112173617114647
-0.42128600095289903
-1.9457135035619508
2.3892452083816833
-1.5613518323246323
-0.34775515926357586
-1.46757241565204
1.867683543693693
-0.715114273215222
-0.7944809969687681
-1.6354606581228703
-1.7214934268183288
-1.9929119446131165
-1.6119845908426602
0.037332286987517005
3.002844682876703
-1.1967287906172057
-0.7914566585668456
2.129854852992767
2.7637243809790037