0.3460913674878009
0.791181379675996
0.7839782870208378
-0.3608530872249589
0.7962104864825866
1.3063127643443582
-1.7501168277444314
0.05046907184063181
1.209701994436538
0.41246567065645967
-2.5715632644611683
0.2158421379206752
-0.7038831331392289
-1.3038620286680696
0.13265452623722904
0.053788579580160825
-0.7615828412211408
1.1961845304529473
-0.8467288482428381
1.9364206450661348
-0.15935328088894773
3.653823787713922
-0.21067331108755027
-0.8326058145153739
-0.9748951595479001
-0.2341720021213214
1.0021007785096896
0.9698845158959265
-1.5602738926369628
1.525087784258335
0.8404200450172825
-1.2403121698728727
-1.234077144523358
2.3209684359069405
-0.5147901055055626
-0.10047789136888302
-1.9242853584691813
1.159846177446036
-1.3971955184617968
-0.9203251697771737
-0.7363899767132778
2.5603885739701355
0.1425045957934017
-0.7136818366335886
1.011395772396689
2.0068928873047547
1.5365872279132926
0.09877481576653391
-0.09763865351990086
-2.1732085104836067
-3.3719314371404194
2.432935927245964
-0.14149637271932203
-0.5995108971310907
-1.3856735113627126
3.408426713947848
-1.491148305129977
-0.05049371909579581
-2.7964485095371687
1.5218778652556069
-0.0945216242503083
-1.141457973051411
-1.9089770628474734
-0.6075135174858312
-1.5275216492365775
-1.712192182848698
0.7555193809898046
2.585246183661195
-2.1485429475269138
-2.2173714351131046
1.5302442635056523
2.797634085995014