0.031192835251881212
1.2160110300530718
-0.0867264783102954
0.7267177160496696
-0.23845295430962704
1.1636840801802253
-1.3205527888601876
0.4143866096034266
0.20375246204552477
1.7531750259615535
-1.9962035009351262
0.2827700254678327
-1.9857067706395273
-0.49040170649771075
0.06659018021087967
-0.16360989137217866
-0.14185724950994938
0.6945294695853865
-1.6637525274591687
2.5964927170954333
-2.0288334505212604
2.8356244746154666
-0.3999357680437524
-1.6686985190866204
-0.5904055220425568
1.1336138222907728
0.986794236822195
1.2500981919978273
-1.2633556183867705
1.6143291308070047
2.147253445452102
-0.38978821221959536
-1.472932173462954
1.4320772334935343
0.11993692811274437
-0.5873792568119649
-0.734864028828457
2.197167066088147
-1.720008522362511
-1.3065909177582333
-0.4236953819941808
0.30594026859122736
0.8593437795330501
-0.567111554844392
1.938781705964363
1.8144726791920736
0.29824490513872326
1.3969968821558814
0.7419637713294276
-2.04388904345119
-3.1384498404522283
2.3617118496675964
0.25609604441669265
-0.17685544797377784
-0.7041502212252273
3.0157714636575044
-1.6184341710716466
0.3865328279589294
-1.8419392132226207
1.5500775785053915
0.13116481266293095
0.2759018667391684
-1.8520546668834807
-0.9782246269125383
-1.1094625023664433
-1.414735228912175
-0.580626397377727
3.283871806981555
-0.5903153260634881
-2.0075132531523665
0.9317204629873249
1.9986484403247717