0.361503362807561
0.8164367858763961
-0.926807725556958
-0.7448561521690772
1.227162434612997
1.415094167329522
-2.2245252349167077
1.139868521973391
0.1699605539362321
1.9088074610138266
-2.743080095946704
-0.5223714122699237
-0.5525660012294578
-1.2392060780144356
-0.24535917830033116
-0.7822072937018532
-0.7949040038013854
1.3410954303249651
-1.245272326454586
1.2263373173027605
-2.060323182004536
3.6613073205710394
0.19745460462504638
-1.9218643543099485
-0.2153516382433706
0.9595493159351355
0.6796969484313659
0.9698378950272842
0.02241327722867692
1.6269633963164036
0.11141364037822465
0.4663714203997198
-1.9312101664233228
1.9165245504541921
-0.6573595394646591
0.9716990679957497
-1.472815403529679
0.7830554169487551
-1.609924246880468
-1.4890338390889384
-1.0094942137927774
1.0035853139395234
-0.491603841014305
-1.2000474419370548
1.281299085147861
1.8013569800280689
1.590884762208156
0.34553018400358315
0.8106768233015162
-2.219978801957077
-3.036749185130727
2.346411681302051
0.7837821922979422
-0.9535600804395863
-0.3722258298311999
3.7047682190841966
-1.0772555251357057
-0.10376878551731472
-1.9152314928571115
2.007021755208806
-0.018357946998955432
-0.17599733249618954
-2.0467254871637865
-0.3908474910202794
-0.895693609211133
-2.352897647833171
0.40369671527410544
3.303106970724154
-2.2586949593157275
-1.619072620789534
0.7972084382268056
1.984823517831094