0.4695630327019169
0.08850898211364677
-0.6296707290267356
-0.46591232262593946
0.5433723812116444
1.280612059622117
-1.3444617448760456
0.5902720763787864
1.7362470723214318
0.8145762909170642
-1.509187947813888
0.05629249203176932
-1.9965268764879274
0.4922286228271713
0.32937384010996307
0.5689775022557237
-0.5538101896843364
2.1760474946776824
-1.2274666703406916
1.817679932943057
-0.6614034576343765
3.4535957025727875
0.18517286484376738
-1.280962323351806
0.4064436695227003
0.9288530297675814
0.5705454977551239
0.6371477928901641
-0.9333263052809173
0.7842463766604887
1.013221432567007
0.482932855041704
-2.421949064358523
1.6617921921686454
-1.0206769584412396
-0.20154807994482055
-0.9806453185590849
2.099833305531405
-0.5381011756076874
-1.3422217480221845
0.45924004890526393
1.176024773645053
1.773810856497239
-1.0232687082563892
1.1935962593570326
1.5207695669065986
1.7453230794672994
0.5457726029059884
-0.16202884741073764
-3.0958855643868692
-3.0752839011115984
1.4167764913927277
0.7512271401962203
-0.5008985284521489
0.21906061994862144
2.299952036940556
-2.1097059221046695
0.18717307737773753
-2.7487240903590653
1.7075835913098054
-0.15009600565371495
0.019472237473626253
-2.696201025336202
-0.12987047592658962
-1.1375931810965936
-1.8886037680294654
0.10176642146042236
3.9112839554243464
-1.2282144521649676
-1.2982373479045703
1.3854598829136398
2.6883948554832116