0.20061123872868408
0.6774761836969986
-0.5192099055289672
-0.6843819605781916
0.7227370801088543
0.6615835965894992
-1.90095876127268
1.617814317085457
0.41471379230399585
1.9558582955579973
-2.3552002206803024
0.3488163289339797
-1.830371570100962
-1.6729374518103037
-0.05004767370504036
0.712391097711088
-0.3553598182501012
3.2758689109721613
-1.8955067256258409
1.3461510135525168
-0.9574501129745301
2.9377287437523907
-1.2203151889888906
-2.517525154675768
-0.3288463575027032
1.6092377290712723
1.4965518827657505
0.5604995951698042
-1.3908794027433573
0.6101230521100085
0.7743510446184936
0.16065980621280018
-0.6391198440496411
1.797598990206184
-0.5875703225133495
-0.1771267742415757
-1.6132839475559977
0.5905381317277744
-2.246494589181948
-0.26873658170371373
-1.79389650386886
0.9098850283274351
0.5258051002756701
-0.9294605879837866
0.1635822731754243
1.050154367195405
1.2614401909820276
0.45783275941514817
0.3290604194843174
-2.4711206240294015
-3.772829830861811
2.43594308473045
0.1310278578993727
-1.4703467093665312
-0.29586834200305356
2.9651092704616624
-0.6347122874490696
-0.1653298456957336
-2.9628147297961074
1.858670764885487
-0.47225601494140157
-1.0658403254312587
-2.7941184055482253
0.23465107155580045
-1.2357044715319208
-1.5183053024272504
0.775080662323272
3.284850300428493
-2.579359184105071
-1.4852699990465745
1.9416599789600664
2.5204099992785607