0.8000905859994875
0.9439819619937824
-1.5731445158823636
-1.6264594535851455
-0.585730757406894
0.029075824142394735
-0.9892549526287868
0.5560307381747173
0.3334085287703321
0.732353286751877
-2.1455008917581675
-0.8273398042075566
-0.5429786022450855
-1.557545017641565
-0.04860850637949721
-0.292336544709098
-0.9300406709986144
1.4776911190563569
-0.8332324911214688
2.1404766475151176
-1.5313322562490035
2.830306952877763
0.3366430762889594
-0.7766689770240187
-0.7804038766673266
1.5852000477006958
1.0164528987504444
0.7046138608522095
-0.6899345277702603
1.0286308571952483
1.2729972490201011
-1.0623417584997719
-1.9423112240826343
2.6163888772875072
-0.9953430376121056
-0.3686219337977672
-1.5372071679956365
0.5158058902274818
-1.9452887531732501
-0.5621498349417607
-0.1014458078864352
1.1401063339397166
1.0736248826159802
-0.9771202134992063
0.5734787867117438
1.7998722433305026
0.7884550317181886
1.215475087778921
0.8988724613692605
-3.244903056659566
-3.7201736976687743
2.894166034789919
0.5724989842078048
-0.7535531340964878
0.028623595988132244
3.9094956401997347
-1.5555488298436175
-0.800379115623699
-2.716851878698315
1.7837560564150052
0.13155806239615292
-1.1894942245906375
-2.3259217904644087
-1.671011271968844
-2.065317822173227
-3.6120032926781143
-0.09332448969452943
3.6752567951228405
-1.4036339976234469
-1.7577160783865005
1.8027363368766716
1.7032887479474899