1.0001647382811454
1.3882389256155796
-0.6130201876523933
-0.3866048796392549
-0.1553137924806764
1.5532077173878627
-1.489049570892978
-0.821538099144873
1.0292690402818636
2.0578949047008814
-2.8607087962264934
-0.7631183707801465
-2.5922727511588834
-0.3797149280320221
0.5119057184352714
0.9433594208932483
-0.2560861680300277
1.8552166986284027
-1.3493698398939018
1.3025062098350293
-1.345616742684421
2.0442760664437656
0.3315122580081146
-1.7808023178007433
-0.9907041716994456
1.4179137469436214
0.7077723412392081
0.9997437256034717
-1.3218593876398486
1.1645967297450532
2.1924331632519483
-1.2835750484839936
-0.8290082296951465
2.028877594127478
-0.6588548634596592
-0.47537016738520654
-2.057691086165076
2.7966129892956704
-1.8800598082661781
-0.17910544941511025
0.20272660210311177
-0.07206935740749854
1.3134377691606711
-0.2538981191155836
0.7759996413973156
2.0744322446912205
1.5675767324355983
1.4633928240047194
-0.15853356185223744
-3.321283278768265
-3.0580203947954736
1.8365699577193624
-0.18280917914610334
0.3047493099105738
0.4680135643292578
2.768469141294502
-1.434301844971122
-0.475491667769836
-2.3326649049951858
1.524354466860691
-0.21238314557822202
-0.5410180922890963
-3.4008306649031614
-1.065157335398167
-1.90575758952355
-1.7315069860547916
-1.540657669862962
3.522532198977266
-0.9091683678176733
-2.2641658361434964
1.1632145372090845
1.4688197654907087