-0.887614332424326
0.40730537621602697
0.08979765820085162
0.02580021169902566
1.4832115130464858
1.2622999719711094
-1.3150006234312948
-0.22126695193917678
0.9033566356754109
1.5418906938739458
-1.8383823769433105
-0.8579270773832925
-1.6015826568616425
-1.3164456280099428
-0.23350521866860285
-0.9116517915952842
-0.18121655023663585
1.9553254811106404
-2.4847496283064125
1.9698347724292438
-1.8616261075490628
3.0585140265440374
0.8572043672054518
-1.876722367596647
0.2967514563240464
0.486689279653706
0.7171029509445954
1.5259772285195194
-1.9616664124192282
1.4437316776051954
0.560239479532615
-0.8666433419783931
-2.785618532154669
1.8932406407457079
-0.28220230001556623
0.02854888138066472
-1.5814179606610312
0.7174554861331628
-2.278760427416833
-1.1166146549373068
-0.9284687886339604
0.9409499378171733
1.6993428876889847
-0.23121353471007966
1.7601952654712831
2.01017620848606
0.7766462847982107
0.29711081506132353
0.7521564818000465
-3.4331686967474573
-3.5497409081963975
2.368856534219744
-0.03750378684055433
-1.0491939704203295
-1.3012704736702525
2.158442548007564
-1.0712613345385549
0.2568740520756412
-1.726080348488467
2.270862772286959
-0.20857614024196225
-0.8605186164649514
-2.7508922726243497
-1.5024739235663374
-2.6383932683171825
-2.4756777317617056
-0.11680610573802286
3.0287880816314243
-1.7151726466699695
-1.727531789272402
0.971965341577294
1.9732239529734157