-0.3282057965735947
0.09073344518652537
0.5940021527693751
-0.23109603838797477
0.2520344783708777
1.4466844323380457
-2.109053115971241
0.8202586949213124
0.20123039078062788
1.7207809266793874
-1.631054099593632
-0.044856429682948964
-0.8190645272264548
-0.26095378343037645
-0.8549721668530905
-0.1769061412775158
-0.396492613952122
2.0416449832731747
-1.4062490617900842
1.4126015342332698
-1.791710459359337
2.9671254915690857
-0.16937715079228194
-1.5119212101376327
-1.37279551927867
1.0281057208316433
0.20525756433041775
1.4416454605551272
-2.2705514363201336
1.494288891944305
1.5012400554771428
-0.4119285631085931
-1.6071586071707658
1.6209363961037357
-0.9963464755971561
1.2300430043620096
-1.115404485946863
0.3899805353033745
-0.3318565132652094
-0.921572307640466
0.27132455418029755
1.0443517528849864
1.1851290416652498
-0.6646541384979359
0.8321638439955127
1.6965610757341791
0.34079996384706823
-0.06489765167789852
-0.036497010422139126
-1.8807438917753
-2.558704362270207
2.1250128638644927
-0.6168827485838468
-1.6759964333991724
0.023965277673515167
3.621543581493742
-1.0793984280340305
-1.0063914532682923
-2.39103372439867
2.188729205160876
0.30204950051665097
0.08762066042067407
-3.6990854981042176
-0.731007630323321
-0.5451707276427491
-1.627110085784674
0.348965191514467
3.3403382938807673
-2.055712564589867
-1.6956164416252804
1.4992261939173799
2.599656215088503