0.22752991145077828
0.8858473318728349
-0.4394483756319542
0.19384943231641005
0.30402930037641873
0.5710180903668287
-2.56274199686676
-0.13906872000833748
1.0701391966495217
0.5419049627411247
-2.075463915132416
-0.2408611970458458
-1.570287992809488
-0.05390105833550418
0.026518727308042084
0.39238319918553854
-0.9410182660289453
1.5038173678461249
-1.880669869208619
1.1051384796000427
-2.6531954000763855
2.264997512173025
0.5489817562304233
-2.4475533600088033
-0.9354864926682258
1.2210613262477508
0.3202454626859609
1.7422444278694402
-0.9772685399724417
1.8745099596656014
1.911385965774754
-0.8975387992794281
-0.7745188190091693
1.1556234469755942
-1.0981790889781538
-1.3953515104653722
-2.1629292086021903
1.8195275104611195
-1.2911666170604317
-0.05702355694782402
-0.2812258844905758
1.2395378230725067
0.2983699956337633
-1.73428129949292
1.4189233548324358
2.077449475515634
0.27474971301543305
0.2902660338772754
0.07291107488723528
-2.4374475075938573
-2.053264156441184
3.0874141673980118
-0.36426296037485195
-0.7745097532921936
0.13526076719228866
3.328730656109214
-1.4751329522210597
-0.6088918246494454
-2.7367105927964674
2.254452047724387
-0.9086873944032976
-1.4051856544704426
-2.8647097353784345
-1.7119783632850378
-1.3710963240378462
-2.474695591188834
-0.0007927336271971591
3.932064498899134
-1.357113039490737
-2.5366195195069707
1.4755983281840719
2.077679701867034