-0.29521069473703804
0.916346584229699
0.27228096031808263
0.6235950364556728
1.0826053383127576
0.2615281645744676
-1.7292443591116757
0.1558349258026728
1.0659024087878468
1.4571030397644027
-3.0133954633595765
-0.008513446764031912
-0.8195618196237978
-0.5983959037810007
0.6593225665619954
0.30418368210204977
-1.4753779989627356
1.9384135926650499
-1.728283362645089
2.5891965091754408
-0.10314183064839333
3.7505818332337455
0.5687718964759583
-1.7744268121821518
-1.2295091994440495
0.9887065515736079
1.4937416951110127
0.640669500932081
-2.015881247893004
1.5983689805714454
0.5887283779743153
-0.5744915649974606
-2.1824337760668713
2.7195820773652137
-0.5166966235163934
0.584474662180128
-1.700506238208649
1.8092826706466962
-0.6095963855048137
-0.8924776544642021
-0.29933549946988075
0.8272523559678017
0.6648985148224144
-0.7614218691781506
0.23161251090754886
1.3620676399060407
1.0099498747507816
0.1966158386976813
0.8345434908717582
-2.810132229069313
-3.53535076175776
2.6693684321012388
0.48398387555637834
-0.9485790961449686
-1.1438508471536675
2.385898996159053
-0.2167034018410543
-1.5556199778681374
-2.3185433323858007
1.3334077787494025
-0.9153949184229669
-0.413627372365033
-3.04465652693502
-1.7301352270127133
-0.9274224943761137
-1.0816083907620688
-0.28639258326391526
4.175046934080271
-1.363196836411204
-1.6000312996884467
0.703072621545613
1.3913326179234078