0.7655427763805863
1.2645568453583789
-1.2474865559240884
0.2255371978283402
-0.027501471946629386
1.2328227175817554
-1.3193115028094433
-0.4978261379449093
1.2522143314358596
2.4620394926684654
-2.2557715302094845
-0.41913841577991384
-1.6252533942348737
-1.0357138736797136
-1.4903588223072284
-0.3551802128686654
-0.9554568235335317
1.9780960957879248
-2.0014734073255434
1.9911867114933361
-1.4394266629387633
2.9863413969501935
-0.29867998742575613
-1.9152424231308716
-1.5326845960802777
1.969981029762538
0.468599795718929
0.39826912262384273
-0.7351642041801398
2.1161395526441846
1.753349831556329
-1.1849971656677991
-1.5905742371620446
2.7643729436606956
-0.8412882298085242
0.04018731390598615
-1.642995247263506
1.5926493770631054
-2.8564932693117235
-0.7552170995473926
-1.7576887258157645
1.6362232564878976
0.9473473557123935
-0.5864858922102795
1.251884554829217
1.7687297083190905
1.7635454009557385
1.2304873334910975
0.41110584357563185
-3.2837691145234116
-3.031176615839892
3.3784511005317333
0.2622709050672756
-1.0356625096780707
-0.006092811981022822
2.521861723697796
-1.6320343352192201
-0.707726896180936
-1.9120800755316425
1.8120317916515598
-0.48092102015241645
-0.7584941578294021
-2.4343956983123034
-1.4013679751439672
-0.8281677190756342
-1.7569582319314994
0.07076651409073373
2.6659628631377776
-1.6967782299502774
-1.800368210062489
0.379809139335334
0.9196879281023507