-0.19614787208826312
0.6312965468891251
-0.5723703222379395
-1.3851750875674869
0.404524951343412
2.04321179926583
-2.0815091521181994
-0.29224953224127104
0.5702875292065175
0.768556242057914
-2.5301828169814637
0.6491995125905488
-0.8335548050770974
-1.6258149476736754
0.19870910217682666
0.850111152160828
-1.557627350431624
1.9650369531074312
-1.4637605694749103
0.7301100545010867
-1.29542812594733
3.320938917633327
0.4438557340223203
-0.7080700946759076
-0.404634223975406
0.676796162078523
1.508264338347054
1.80717253588716
-1.640806453920861
1.6720437258083918
0.5342987650884589
-0.8474689109745017
-2.7830646893273636
2.252984346839719
-1.1099573626110886
-0.9612224806112764
-2.3186283066868736
2.0706068486490197
-1.5296774467593064
-0.7534485821398371
-0.5901967702751544
0.9276373816573146
-0.4107577621805524
-0.33337397865314644
1.394680781147461
2.5632352405446044
1.1260490970080925
0.7844733253231161
-0.34120249848378026
-2.760210732913034
-2.9065263398613403
2.5244397357145645
0.08551137224648303
-1.0764275154353617
-0.17385427389264557
2.7706930564854932
-2.0539497160392344
0.25029513914942014
-3.0600180867567612
1.7318750497109963
-0.4141529568885423
-1.0788780318396656
-1.9448419286843588
-1.3769038367794866
-2.1369301382547103
-2.969319221473638
-0.29550795965278137
3.4414678269083505
-1.744360425642462
-2.134802567858915
1.3582643370856613
1.8185209609553408