0.38200533453015884
0.07945903930293674
0.05029847596002185
-0.7211317606037368
-0.5860214245519277
1.5801149359506608
-2.042087903951194
-0.9921585491805968
1.2041617793387522
2.165273484072344
-1.8288135278469833
-0.3611402868813528
-1.7514610817653684
-1.76679792117898
0.16741555217750334
-0.03326715103055196
0.22025458204345738
1.367499108090863
-1.9045872364935255
1.5951180885912268
-1.6164561728699967
3.0126736893463604
-0.28555076394346224
-1.4806688933168326
-0.9904413378412364
0.8169708885856518
0.6240667146150429
1.7663596819028968
-0.9195744240221946
1.720186436414689
-0.07076184923877782
-1.8272092681246006
-2.7711560894334766
1.849289919689826
-1.3840433170575246
0.4843356395777977
-0.2719950979456133
1.2974092541625626
-0.9222724050624532
-0.24901943917736832
-1.4103104540523987
0.4303028720649108
0.7885923950925393
-0.8042565197374032
0.6380339497876039
1.6155119873937407
1.6455996154019688
0.22888580883240073
0.33666753337849753
-1.698437655193068
-3.6241747938251168
1.8530633235144438
-0.27937824511054055
-1.246660826818118
-0.1712554469291707
2.75511662296864
-1.8837009476492512
-0.6405485542625949
-1.4981842892007826
0.8960855067837321
-0.8913007570132252
-0.6865093207054244
-1.5699353935319638
-1.5597029007611916
-1.2671899512064912
-3.0442809888352187
-0.18044196111477787
2.4987149588729873
-2.3684546200850276
-2.4149151208833666
1.2765455303613504
2.5672192184203277