-0.03896191247078282
0.8785425226176969
0.32692584400917263
0.7197009785703657
0.7717735255946965
1.5689614304933444
-1.9494496726130017
0.1754682216067277
1.4288501463323264
0.49367338273459893
-1.8649374514658588
-0.40132461783468276
-1.9610875106707508
-1.6988402677129109
-0.7377420653757057
-0.7445581200330376
-1.669025835330232
2.055457431348343
-0.9924608776908787
1.6360171410533677
-1.4057139504697023
1.818434623826573
-0.30384398628960957
-2.579350255890242
-0.9222585281249085
1.3001971194218616
0.49343570549335924
1.3752347778291218
-1.4536700849436308
2.4492727844535946
1.4811316634158525
-0.6841061063594085
-1.5886562868031087
3.0921326024971365
-0.4989475058738225
0.16237072746624828
-1.033533966341364
2.112291055904501
-2.61256152940447
-0.5531606042467337
-0.8136264125368073
1.7985391259072974
0.534936677612452
0.09948613505505921
0.4215176501225657
2.2213489307289453
2.1397295100327387
1.9013747015391136
-0.8795169657128475
-3.053647667113358
-3.653765598978049
1.7434583817085025
-0.056901757225990335
-0.934138501783057
0.38942460888428787
3.066683813375429
-1.8480077389784626
-0.6851061107945571
-1.7148272461534388
1.6742014347101817
-1.478784379161767
-0.9118771852962674
-2.0378374940577366
-1.5978556823146874
-1.0580472284179496
-2.3130777383142784
-0.5745824910463773
3.552611340125425
-2.5198671889171345
-1.7184143392963753
1.7569001826006148
2.262987937926113