-2.8948851349089364
2.5626443490545006
-3.638466727562908
0.08884315522650699
-7.177782920904715
-3.4238600539465827
-5.976841036201965
-3.5367568357092023
1.473471822489728
2.2800851802800612
-1.108009626725035
-6.327974840087642
-1.7987537711491086
-2.2731330726518064
2.8552019069172285
-1.6221688022948735
-5.474859778386817
1.5804877613567836
1.4553404138528832
2.2948710812982314
-2.6867847703858514
-0.9746565258056024
-8.246290726612024
8.058158534505846
2.378864472822968
7.040738204851262
-0.5561930248468527
4.912612881621758
-3.143503130218055
4.855198157342523
-0.10671227596509558
2.1247224116242
1.372918117567205
-1.5112234838863143
-3.222063649838344
4.130835318345138
-2.983710580450232
-2.949778168218257
-7.821781172017429
1.6354782239271461
-3.6509851925479575
-2.3232248320131417
-0.2688152988721342
4.594545604932705
-0.7140940066321777
5.98596686613494
-4.428424848480859
-0.9618512510797878
6.771205533918871
3.2602903557929737
1.9340834447711335
-1.2945848263340105
1.7214657662758843
0.14460555961262145
-3.651971325699539
-3.0308195309252794
5.256364655357787
-2.9541240369209216
-2.9399816625794966
1.006693041177774
4.077816268895656
5.59389856154019
1.877855943976948
-0.5986150185969064
3.2058409845273346
3.3210089731485795
-6.26055029043204
-1.9139099856526411
4.689175473621164
5.454348605453937
-10.921061472308995
-4.728723246171681