-2.9468547733569963
4.667284379371083
-3.678014308491232
1.598518448953656
-8.863387424681429
-2.382912734945977
-6.031672414801806
-2.492048491789442
1.5786561345996293
2.3431834585067772
-1.1943939295750818
-6.9426670401514325
-0.2972731349660923
-4.929812564918462
0.024429543434733247
-0.9930674853656783
-7.097128272374409
1.70587863348524
2.019712009555496
3.063868846811298
-2.579486668642351
-0.6124357458636038
-9.7761314154781
6.25244933615499
3.4804132794416267
6.589245408104761
-0.6491739425315803
5.5789210394347455
-5.843517634431023
6.018258931451127
1.2787572339039688
1.6720694860815841
1.8941918320014624
-3.3378184176850714
-4.081914911251172
3.4300349135622152
-2.2232865091731737
-3.0281714503305883
-10.256537617727703
2.1340161349922564
-3.8889675992458477
-2.9690340967672566
-0.960470312422714
5.489425010982733
-0.5488558412573833
5.666808365863684
-3.750740377185973
-1.1610948239064998
8.19568362141053
3.144883805983742
1.2100062426224605
-0.6242482618209722
3.2125536440902818
0.4346655718299146
-2.894865424213008
-3.6051745121872303
6.5338657465006715
-3.402424686428936
-2.67735855560658
-0.906502510313575
5.7110625384997356
6.560953021242859
0.9822234398773175
-1.8765722933945477
3.038227666810806
6.066817097820854
-3.938110831921863
-4.256477020968917
5.407346941348538
5.867398623278223
-11.607699166087281
-4.447572092815191