-1.1690730906288354
3.996665679588687
-3.5804009246296293
1.5996921357394034
-8.941731612029946
-0.517586859611341
-4.860954347651842
-3.6486925054388837
1.7456143680783769
3.423425769711207
-0.752357012776816
-5.9178085311171635
-1.267657032099536
-4.50581279475055
1.1503063256910295
-0.591923156812197
-7.834648433561003
1.464531797477117
1.4404173716026025
2.1847766610886845
-2.999228296040701
-0.00988735643624239
-8.457374414723457
5.233865390344065
2.2061643766202392
5.936786606715409
-0.5813505731848868
5.4196107951852195
-4.340509333012683
3.8990215637929886
-0.6256871546927214
0.24542611426065053
2.414337698978791
-1.9300893604317368
-3.820507784499385
3.4521527229132962
-2.7474874196685253
-4.845439852305482
-9.179014871241291
2.624118399303288
-2.6968119333602014
-2.0942764487949086
-0.4439803361633835
4.273829541993743
-0.8715318217464478
6.016920242136855
-2.3640977785965065
-1.0479441775690597
6.266004683484017
2.9118083288737036
2.7443672640427805
1.1237731759866667
3.5322961223355795
-2.0738262194135135
-2.4386427008148273
-2.764619689561709
5.675554229619328
-4.212943909585244
-3.2686385990592473
-0.5456906302156804
4.556454371724888
7.4407398089137535
1.5471485826297242
-0.5502833456683951
3.7440310748269323
3.353711064502934
-6.663939382499395
-1.5930871932229929
4.370836239183837
7.03827700771969
-12.154257276270817
-4.141645592796808