-2.174080787733958
3.343132569139119
-4.401909083787623
2.2674162069284787
-8.839995388231056
-0.926117848562842
-3.9131687016237016
-4.506787891139694
1.6879242955446894
3.7489365673693245
-0.0936598756222271
-5.3387189337618
-3.675463074752587
-5.360694449449863
0.8366379882851678
-0.8435868594647573
-7.372521168073202
1.7491932113329567
1.9666942330105883
2.7587857596919885
-2.7093924664196334
-0.4297599683630386
-8.559669128374685
6.016297803190814
1.4087726647148178
4.431661090306339
-1.3492756139627513
6.496103528421295
-4.268775649469416
5.441089512786318
-0.6989006279814367
2.3027738204646098
1.4529777685423166
-2.052658135204716
-5.505485967445299
4.822696722875193
-2.172714245583819
-1.3484440580849717
-8.659638434736431
1.598142022051003
-2.6268437947850756
-3.0968398612900687
1.8352583127740405
6.1867749766037345
-0.2535215220268572
5.570801007394813
-2.990688524517604
0.788254645996449
9.231781654736034
2.672573501522651
0.7321594464247061
-2.1795958301334717
1.1062789049690167
-1.696597331567327
-2.553436086364048
-2.348978588103394
6.296592271418075
-2.2473806656740294
-1.6473576754282855
0.07011220754453557
3.7941876885527916
8.058066962562082
5.3522775898566355
-2.2099687790829563
3.766163682663622
5.7134443643965955
-6.851766758738592
-4.0714074800910085
4.749810484486397
5.0654940075557136
-11.522980929960816
-4.547148158634925