-1.0269091652156033
4.079501592286974
-4.558587395795051
0.9853417423134879
-8.938850637237385
-0.8930171877612655
-6.310136646424416
-3.424041402424641
4.036045392734225
3.1966345293856886
-1.193640767930893
-6.2256412124009755
-0.9304648552394945
-5.892776587942231
2.353320689581183
-1.6080636321906963
-7.902802868487926
2.4091187619607792
3.596288251975494
4.397137787118298
-1.3469218392410554
-1.3427056822185088
-9.196495863490808
6.035234944065137
3.6548642673417024
6.115157945894034
-1.6175681686085088
7.13939109014406
-4.219041602747732
6.259122086870053
0.9546810926796254
0.32858740468265046
2.3563640135185113
-2.3880518574453298
-5.057833077680232
2.936877981220414
-3.6050823317485383
-3.127404499865412
-8.148896168751003
4.054806809614233
-2.6228397210469065
-3.2518628248943937
-0.7757441072057308
4.725709477973625
-0.6583827609672093
4.787826152686068
-4.093766807584172
-2.4372099507540597
6.9728576547437635
4.33343686983534
3.441409643820778
0.4965182272611191
2.6716993274891387
-0.05326290693049218
-1.9983588091572424
-2.7214831026666046
6.350929475302364
-2.41961461414891
-1.5177983476848111
-1.6239613817255205
2.86679255667659
8.671457246648632
3.7375814156238643
-1.37954856060542
4.173945575406665
3.4606440478416824
-5.336127851766453
-2.4590629965546005
4.729225542093881
6.360045997306588
-12.654939660751195
-4.126059281325378