-2.772974468630557
4.125967007774853
-4.933799761973998
-0.2111701633751426
-7.818845696507732
-1.595075583497527
-6.114149838986474
-2.9759775313967216
1.427948385342583
1.3744133857241132
-0.442094982066078
-7.002796052331345
-1.8713208164297392
-3.8522798751285627
0.8345807792966172
-0.6561513826994836
-6.944901156065475
2.530237991838323
0.916919094255775
2.2256815460762955
-2.298441437315845
-0.5185114206243322
-9.314216605478796
6.380893648655315
1.670967134709522
6.207238381643899
0.2499332641809222
5.2903851371097055
-4.988373978098711
6.587437175942485
0.8749016500553206
0.1132894536738962
2.8828365303827304
-0.8082905685632906
-1.8734514064827708
2.9825936195720537
-1.7530224159631251
-1.2826197668126824
-7.7653090319920945
4.4197195182633084
-2.0527097643898733
-2.1133996471570904
1.4175520732443307
5.008034780588646
-0.8626511741074417
5.893929380481677
-3.580338036248412
0.2767722319742201
8.268545987612502
3.847650577407757
-0.5737796053738058
-0.5608696252881687
2.6195787172757825
-0.6309186120449725
-4.529148360814033
-2.201649634708021
6.507012784577462
-1.8806869767335979
-1.4856550819272392
-0.22149637002759548
4.242519290065237
9.43882531171337
2.7100004992142708
-2.814389741368479
2.943577669355796
2.588046232804745
-3.7105348933692364
-4.455587339007887
5.68756930481078
5.789378427352628
-12.34172237147476
-4.266992391545813