-1.6878036063068484
3.405059561161203
-2.6289558200192564
1.693819836802066
-10.222946747910523
-1.5533841974952352
-3.1433376023567132
-3.734293393192603
4.295839759527599
4.247886729977456
-0.12209315398139936
-3.988440795737097
0.2588798423748744
-6.253830325314247
1.6212783690740666
-0.8722014472158295
-6.7122693240001885
2.545971379107604
2.041522114332145
3.348408658754296
-4.188815548363005
0.21653969529959655
-9.594039170247509
5.88997080785278
1.3574412976373764
6.713267499682013
-2.483011946666295
5.301769851911928
-4.492946658022803
4.018209134293113
2.8238576148650107
1.8238016134876538
2.2846999546445574
-1.8981706714645312
-4.423543290611048
4.196899728371577
-2.6784933031435303
-2.472488619902695
-10.158710394586652
4.866695069252795
-3.4840294977122674
-1.2733076615811112
1.483063574992653
6.139141059203571
-2.832064077962211
4.076846534694467
-4.426047778800323
-2.4320356784036172
6.736278933093826
3.046137372071242
2.2858130959297327
0.13180861526159188
1.6130908800863812
-3.0485404159401934
-3.665263825058623
-2.024452581416821
7.6728024762051055
-2.460950821602875
-3.6251858437452213
0.021855448641037
5.1306848960563025
8.114163454308079
3.301802401387333
-0.6947795483533313
4.00646089107667
6.991684697015685
-6.263137489424649
-3.6054116398075777
4.283413428703391
5.938515230753976
-12.54026011554076
-6.073192117185207