-4.222734717348302
3.442990171559703
-3.3555958745291457
1.1053835512468666
-9.366285477798924
-0.7562483764678205
-4.900092968347982
-4.8523289716427005
1.1650489500851804
3.0866163288064024
0.3955138670945941
-6.303180743314522
0.7104975184266455
-6.490791249244685
0.8428113410981561
-2.306240505249253
-6.390252513997489
1.743688787372218
2.9267518540556443
2.8882309074953176
-2.7824396658719563
-2.410693825490201
-7.601574364819171
6.83650850494745
2.355901722659423
6.374926450823732
-1.7397300763063552
6.229921618748252
-5.542211648636794
4.193675044135376
0.37944069582933015
-0.75790890379006
2.560764831532651
-2.853652511979862
-3.435656944030252
4.529234512447803
-2.818843501955795
-0.9833292380974057
-8.97661048944325
2.6081931090270345
-3.5084492520335657
-1.6297387914516477
-0.10854808358969945
5.115854421906912
-1.9899407693975628
6.415764117729482
-3.6693080724166998
0.5989082624755553
7.637467704563043
2.824291565885491
1.7379219032722049
0.008829945852325882
1.5371521798028138
-1.9182193143023132
-1.691048211120824
-3.0163461790647155
8.239458777841879
-3.655334095193754
-2.076092189982413
0.6705613908140519
4.439275964443419
7.8825016742964795
3.58296171513923
-0.8196305724497125
3.0800180329406524
4.158742487102184
-5.84739020829651
-2.559649022886371
3.872476247628815
4.714211283178958
-11.96704856211959
-6.453990935958087