-1.708450782478905
2.3671293581988504
-2.566460964814156
2.1854140472048633
-9.41886371345342
-2.52819401319892
-5.2731640086431435
-3.0654284197601385
2.8069058987511823
0.5850040767972469
-0.36925542276357504
-5.447780820361852
0.36645488494750533
-5.601612392988568
0.031172700904740336
-0.3736276479909151
-7.450073272931873
1.4545520352475119
2.254020468549957
3.263599114839585
-2.2574407276328
-0.5085598488253029
-8.839702409524625
7.776636711882503
3.0379208830209987
7.735537498068362
0.038484458851611225
4.770170073948675
-5.424407164965816
4.711303995020935
0.9560251107293405
1.6026697373353662
0.6668530982829819
-2.169169614037043
-4.602762010725087
3.2015623666039374
-2.120123098485495
-2.026769418788458
-8.147843537658272
3.2515728696145865
-3.3772530333936106
-1.931864907066085
0.683393296813224
5.942051705564838
-1.8638272707747925
6.283365480059777
-2.5553905691200183
-1.4377559006868292
7.916615223705274
4.6190835238840835
1.6408506994606138
0.09380771334238341
2.837313432780864
-1.768781118300944
-3.9974215860976208
-2.0686330258763923
6.26206650104924
-2.032206481439665
-3.90623650011568
1.264389650167272
4.886640667476207
8.889174173045348
3.080064102449218
-2.226630168705126
3.3538868225533074
5.297557546158706
-5.962122807487495
-4.711668578987937
3.7809419540579743
5.648871782042257
-12.055944177912641
-6.016743818683964