-1.4529435910592947
3.8420052967063385
-4.695629466245083
0.42113144815333625
-8.425639682161766
-2.538336561279902
-5.560571948499021
-3.9450753518806736
3.394120022102312
3.197798049362948
0.7080118324899818
-6.697621456801993
-1.315157879015639
-7.164886132768694
0.44363128922798645
-0.972104783161946
-7.974871843730176
3.3630423016656237
1.7970065181269241
3.657265643665946
-4.022865210841951
0.4674395646583787
-9.085472809836432
7.336511340725001
2.1190705041616744
7.222715834372564
-3.4358132370236625
5.680763605250256
-4.481466321255268
6.03138720127061
1.442867575477295
0.5178680782625797
2.2226334899724667
-3.7494253141176035
-2.666406085737363
3.1091207214217396
-2.8145233558716445
-0.02272507423820258
-12.050603971624353
1.0750113130609122
-3.5720268923401384
-3.018928865748985
0.925933438513075
6.782585895638756
-1.3712737979640335
7.884976734564607
-3.857002611116424
0.37099729026518524
6.970703285164447
2.3515833838398974
2.0544189445696364
0.23607400644235438
1.505684597589617
-1.1758137463129708
-2.2122997510293008
-2.3068311666655688
6.559088088849703
-3.787053071961396
-1.7459346524643822
-0.66558376144799
6.84321189291948
8.599648871351476
2.3323645935769166
-2.706455906898875
5.791901125869236
5.304951087017072
-6.316417638693643
-4.547655377041622
5.790805564508133
5.494383499794092
-13.02300669340368
-7.033209602892644