-2.5513457832032143
3.9296535279046667
-5.249109080689333
0.6218884430212126
-8.561750221934764
-2.8067520433449573
-5.988924176008365
-2.6624957232014306
3.6204566710227115
4.680213570848969
-0.8080132396024859
-6.143276671922858
-1.3846463722481384
-4.628778368452278
-0.18306079373155648
-2.598644601958183
-6.50320207593343
2.2297065085890897
1.9576228886650464
3.688115913571641
-2.81073835712729
-0.0481944101308141
-9.000948003457125
7.131769355675935
2.1490268706056086
6.701151052450465
-1.664922807314888
5.970701962587565
-4.247798905690136
5.772205515076211
1.5007400187065665
0.6942736450642697
2.58441827651565
-2.335276742632584
-3.8520536909038223
3.872250479267956
-3.7943835547072977
-1.9976252529677836
-11.224635016163107
3.98818145438109
-4.635948070323227
-2.54179846164068
0.5438182258316264
5.697348206859258
-1.2362465769077255
4.597999967476396
-2.462712136801109
-3.0858030758802757
7.926675754138745
2.6751497328306613
3.039195447298367
-0.29361892781419796
3.36437312651075
-2.9267253185834363
-2.7477730328917787
-3.0469245458331975
5.162079758890457
-1.648177038764785
-1.9033818265946345
-1.1180294468296794
3.8077338335055946
8.046975233112143
0.8024566814330603
-1.4587979901794383
5.026139854359428
4.524571371747224
-6.745490528100862
-2.353134904743825
4.3808799001111085
6.672377159933374
-14.576103182898818
-6.740041067739792