-4.5759447572242715
2.7051788732001696
-4.548930310412265
1.2795720363858183
-10.445065526928458
-0.2512740077451281
-6.373683991677439
-3.2375471755277387
1.630567221082657
4.052459616995622
-0.8155555049411476
-5.552336775201182
-1.3555285181611816
-6.38212190746387
1.0872638989282568
-0.31311111941683056
-6.282391673911683
2.4239416308547166
1.396127290685791
2.63226531613965
-1.1206766573583846
-0.1353534197797388
-9.440543365088567
7.0308602293982165
1.2283273195077933
5.958205133239261
-0.35009224171214015
5.855203833316026
-5.032134695740155
5.811807445796936
1.9732114801865999
0.24988086524982656
0.6060788071015359
-2.2800387491552945
-4.2969984897864855
3.8482994718493204
-3.719822408884225
-2.6060237693321966
-10.821334661318826
3.9456629739344646
-2.8168023080278846
-1.6315468752628206
1.1598926243750638
5.726488053459273
-1.6085317872677019
6.47074744570723
-4.291066451963204
-1.2042961867060127
5.799773953309428
3.877018662066433
1.6663872104510316
-1.6521291853995863
0.6992586733575903
-1.7972258048547554
-3.472075903178295
-3.8568465616698484
6.923374647077919
-1.788465341265535
-1.4224685623152795
0.03349894748587512
3.46601663076007
7.955053034301516
2.413800935492404
-0.010644697037289097
5.381872012662853
5.752345593638395
-7.230951976196604
-2.2689375051523726
4.464044449299713
5.575564781912512
-12.555196477897493
-6.3782380663980955