-4.703468061146256
3.547662627506399
-4.167583355067346
1.8519041548333277
-9.824505599168774
-1.3246802605598509
-4.7026013623095775
-5.030927031503348
1.9166246275277197
2.9131879303863992
-0.696292301105417
-7.693491827808423
-1.9606785530257995
-7.237226846237552
1.4860196096996514
-1.6392259697158291
-8.087431821851466
0.7503006469202174
3.8173574657331155
4.2703698923818205
-3.1586620328364923
-0.5029121915039381
-9.552744546005114
6.8770060601593705
3.042043489023343
6.762335768347377
-1.1301744751777618
6.709315390736626
-2.6913100103137992
4.080058919198681
1.50392901520422
1.328485129111453
3.2749395086490285
0.3851177274597677
-5.304306360443192
4.03442752954695
-1.457333391270736
-3.0854962757174262
-8.719253527043413
5.373022121074673
-2.3979213444497924
-2.9428578138578625
0.28519718077804873
5.27882528182018
-2.961398887319229
5.440058155626673
-3.639678985964376
-1.6247997536382637
7.986978419976219
2.873686064531973
1.8156357204446978
-0.945370138547019
2.4471496732680253
-1.0489253552581932
-3.347782976920384
-2.7928129773686177
6.416501994362104
-2.7453287975476206
-2.7700790906731534
1.1584616808014245
5.165161200154718
6.582701344727097
2.513242468959254
-4.0561114379726435
4.328522172190186
4.661512369157467
-6.32437444996949
-2.9022027606542635
4.571373963554933
6.497978187378741
-13.399687911486879
-5.351456904888778