-1.9059409457483114
3.1967477730438065
-3.8873445377681675
0.650355478438126
-8.231222114172699
-1.588064519036526
-5.324816698396543
-3.2357547213909568
2.0060731974311468
2.4477343411520356
-1.27824653494348
-5.291102799612195
-1.3838896841300883
-4.996946978011701
1.259605450579874
0.11674951132917877
-6.053392504967328
1.413925242786659
1.4975648379197355
3.8307307078336663
-2.750050951524156
-0.3438069351416745
-8.267433216106996
7.806057650883654
1.8228511746993452
6.144690806585896
-0.9433781424145588
5.244501358504913
-4.494658931872077
4.280621209275335
1.7496315562700082
0.38327125754041746
2.8492336898774386
0.21122344994167763
-2.945297923114492
3.077202624250522
-2.0613094944188353
-1.364980735051393
-8.87337180311893
2.7885879551817476
-5.059993736138617
-2.479725365131875
-0.034027460508063045
5.238542829568582
-3.457179260223466
5.349434364609141
-1.8220982448653364
-1.3782845428715278
7.507897312376993
2.1033806261225747
1.272041979775919
-0.14424452197728682
1.3426393879309146
0.4721484050621898
-1.9161651895484086
-1.8857639291773607
5.879263616669755
-2.8878871989061228
-2.280747672510947
0.7319595885398341
2.8695168525972994
8.76330151670776
1.5082715458891236
-3.0568426109928244
4.406367923943621
5.060893961531461
-5.285622368031635
-3.07008307355159
4.23494993539977
4.994138619431723
-13.016545089829167
-5.44483914861893