-4.724003825185145
2.322621593867193
-3.0966676706131806
1.7556021846149101
-8.94257873481591
-1.7516167003326666
-4.874039748666465
-3.6717049201477945
1.811925297161284
1.507568099595055
-0.8629114915823215
-6.173093924294752
-1.216451588756143
-6.0139955933868166
-0.7624875822666184
-2.21163230072444
-5.028223944438216
0.46090845570800987
1.8604037347863907
1.369911923497349
-1.4280280653265012
-0.9700016359158157
-6.819187193563535
6.825431124467981
4.94631883968591
6.6675205225542715
0.45006085172827914
6.018245477892063
-4.3364664647497895
4.358575141690487
0.34380146085773144
0.17296881739089331
4.195471540987959
-1.5859946820516024
-3.674630708431007
3.715289140593987
-0.6585297100107219
-2.0841893815131938
-9.668793357782654
1.6890534186771315
-3.9904778438053428
-1.7966592365172431
0.11300416510442533
4.962644940032593
-1.9202919712861894
5.5327598680735415
-4.096232025195056
-0.9260439738440884
6.930152345989437
4.423823105023199
3.188441503608801
-0.41089300293650627
3.1555450319809992
-1.478787175967473
-3.472251070164176
-2.31920790281435
6.280932482010876
-2.356280685882349
-1.471580610630127
-0.5961776415463658
4.059179054402653
8.180035159859498
1.851839507596233
-0.13158082316455766
3.1008308418284196
4.610661418209318
-5.472462729040709
-3.791783912308487
5.203977450609681
4.583337032481921
-11.429669466446763
-4.769973299694274