-3.3509416916893855
3.81699115128207
-4.507272166441882
2.5683224648728675
-7.580372441217668
-0.993533194131327
-4.491079762264517
-3.6675583360146695
2.514822649397678
3.0584954351336444
-0.5946402021723733
-6.984881716380686
-1.8529449042048156
-5.673446398315423
-0.13068663330398733
-2.3290479831020736
-6.99711398155466
2.5474585000822314
1.664432078622737
2.753492850234491
-2.302856049403091
-0.5056574887117752
-6.910957281988278
6.86028624446185
0.9668859262376435
5.161935330731352
-1.3063526313563953
4.043540838057089
-3.7373955309000597
3.760450610175896
2.3745625389627345
2.622268048168412
2.5729689523082904
-2.265410618980015
-3.89531194430443
2.2441560207381404
-3.215092718394575
-1.0741016927365807
-9.20254240737511
1.9996893234664337
-3.5437630303033902
-1.1313945890537012
-0.396685413946119
4.480037914649682
-1.8014042546629452
6.512490295964447
-4.118339758052444
-0.24000546880281293
7.558004260830867
2.274453729137893
2.393803199398754
-0.9077952354619205
1.1048221808411607
-0.5360403976206018
-3.880679410400725
-2.8203842947236657
5.581047268213044
-3.269451471196531
-1.535450098919259
-2.184216991680396
4.730027234638722
5.843772268683088
2.297574856460259
-0.4020779228332867
2.6764592918636585
3.5761767521934753
-4.879882609875682
-2.2196309474962956
5.707316992979896
5.337287289866236
-10.66919376762307
-6.203652100429678