-3.407060950662082
5.946022454492892
-0.901536471576827
1.3201434897562567
-10.191559653988921
-1.0865449164534886
-5.602625521129431
-5.425052768730016
1.9063725268659715
3.2722629740370706
-1.0161724514198966
-5.533476358384103
-1.164510429164466
-4.836368560591302
1.0335731634721077
-2.468775764472505
-5.438867358319876
2.3467340773682226
1.1321658338346285
3.2936766029008946
-2.9982577371702845
1.2818124897158567
-8.957538722422175
5.303004791259392
2.687713826467551
6.326443905249006
-1.6550769626698592
6.420154401222129
-4.305041251184003
5.770693676917736
2.2404721977771573
0.9865148110292151
1.101550383501687
0.33652328651620644
-2.695919497553948
2.9277777107890883
-3.493902643096314
-1.1442279964125315
-8.753872518027611
2.745529904662077
-3.877833682347292
-1.8330252676512717
0.33421987312853907
5.698228335159326
-3.135801638405689
6.522989770108891
-2.4075322576990033
-0.06725544155069962
6.210883618939106
1.5044367693134786
4.037615608134744
0.37758101362414503
1.6161059015509833
-1.595664603830015
-3.4231613361804927
-0.547586464560041
6.531706130059326
-3.7908887540287686
-1.264011526903333
0.9069304643252577
3.6851392344432528
6.423268025894053
2.777188811842511
-2.308761044473401
5.178256083819337
3.5846731116868336
-5.545933335385996
-2.8233765191384004
7.07525893125009
6.707387621340758
-12.790175351011936
-5.081193364350828